SH15V00043,4301,17.809847853555,46.341063675129
SH15V00043,4302,17.809681387142,46.34102923319
SH15V00043,4303,17.809517114805,46.341005358553
SH15V00043,4304,17.80753506558,46.340764624754
SH15V00043,4305,17.807395999787,46.340739196697
SH15V00043,4306,17.807269430379,46.340699918274
SH15V00043,4307,17.807157778038,46.340647448765
SH15V00043,4308,17.807056127452,46.340583702247
SH15V00043,4309,17.80683819842,46.340386039368
SH15V00043,4310,17.80680407868,46.340351503077
SH15V00043,4311,17.806771052784,46.340304678107
SH15V00043,4312,17.806771052784,46.340304678107
SH15V00043,4313,17.806709814931,46.340213541258
SH15V00043,4314,17.806525135227,46.339982293718
SH15V00043,4315,17.80627524762,46.339656139701
SH15V00043,4316,17.805830340665,46.339089766004
SH15V00043,4317,17.80568022722,46.338909225175
SH15V00043,4318,17.805592846462,46.338825320728
SH15V00043,4319,17.805497220123,46.338746948555
SH15V00043,4320,17.804882343619,46.338299807623
SH15V00043,4321,17.80478740013,46.338227135826
SH15V00043,4322,17.804704719098,46.338150803478
SH15V00043,4323,17.804633555022,46.338067920506
SH15V00043,4324,17.804113948679,46.337397249655
SH15V00043,4325,17.804009690536,46.337270773053
SH15V00043,4326,17.80396200102,46.337226315912
SH15V00043,4327,17.803912374845,46.337195473604
SH15V00043,4328,17.803851862794,46.337179061172
SH15V00043,4329,17.803786859487,46.337181436821
SH15V00043,4330,17.803724687507,46.337201908145
SH15V00043,4331,17.803671953139,46.33723562775
SH15V00043,4332,17.803626313512,46.337278563284
SH15V00043,4333,17.803587791243,46.337329730947
SH15V00043,4334,17.803409200337,46.337611309283
SH15V00043,4335,17.803050425147,46.338137615741
SH15V00043,4336,17.802690924936,46.338695121821
SH15V00043,4337,17.802400762581,46.339132283293
SH15V00043,4338,17.802341259865,46.339213021735
SH15V00043,4339,17.80213373381,46.339446059837
SH15V00043,4340,17.80203422566,46.339571693143
SH15V00043,4341,17.80203422566,46.339571693143
SH15V00043,4342,17.801919396888,46.339692728847
SH15V00043,4343,17.801438209038,46.340245020821
SH15V00043,4344,17.801199299379,46.340500765508
SH15V00043,4345,17.801016624439,46.340676719882
SH15V00043,4346,17.800547485635,46.341092990069
SH15V00043,4347,17.800465203086,46.341175514045
SH15V00043,4348,17.800333593551,46.341319769136
SH15V00043,4349,17.80024574176,46.341397311065
SH15V00043,4350,17.800220706438,46.341426696425
SH15V00043,4351,17.800220706438,46.341426696425
SH15V00043,4352,17.800225607523,46.341425415137
SH15V00043,4353,17.800072301046,46.341524655272
SH15V00043,4354,17.800015316839,46.341566339272
SH15V00043,4355,17.799680102427,46.34184308631
SH15V00043,4356,17.799050444482,46.342388594203
SH15V00043,4357,17.798964100654,46.342471001878
SH15V00043,4358,17.798888214992,46.342557602121
SH15V00043,4359,17.798826053932,46.342647587651
SH15V00043,4360,17.798776739275,46.342743830647
SH15V00043,4361,17.798735449329,46.342844169026
SH15V00043,4362,17.798557533307,46.343340764487
SH15V00043,4363,17.798481617542,46.343534064195
SH15V00043,4364,17.798388149479,46.343713884618
SH15V00043,4365,17.798286126458,46.343877373224
SH15V00043,4366,17.798167997592,46.344035060096
SH15V00043,4367,17.797500686421,46.344802680486
SH15V00043,4368,17.797203464623,46.345155614294
SH15V00043,4369,17.79706649656,46.345320120177
SH15V00043,4370,17.796833118353,46.345615701611
SH15V00043,4371,17.796833118353,46.345615701611
SH15V00043,4372,17.796730760397,46.34572309385
SH15V00043,4373,17.796485294519,46.346014533999
SH15V00043,4374,17.796361439115,46.346173631662
SH15V00043,4375,17.796237192784,46.346349594444
SH15V00043,4376,17.796106908636,46.346540813296
SH15V00043,4377,17.795760790587,46.347075954721
SH15V00043,4378,17.795363583451,46.347713080898
SH15V00043,4379,17.795161605553,46.348019410728
SH15V00043,4380,17.795024732812,46.348214280629
SH15V00043,4381,17.794874323463,46.34839754274
SH15V00043,4382,17.794789470156,46.348485024861
SH15V00043,4383,17.794701432773,46.348569730238
SH15V00043,4384,17.794355583681,46.348881840636
SH15V00043,4385,17.794292254808,46.348951497086
SH15V00043,4386,17.794214398361,46.349052341364
SH15V00043,4387,17.794128060993,46.349133691293
SH15V00043,4388,17.794128060993,46.349133691293
SH15V00043,4389,17.794132984092,46.349131496735
SH15V00043,4390,17.793998816831,46.349209362742
SH15V00043,4391,17.793954981845,46.349243739276
SH15V00043,4392,17.793594491541,46.349556528166
SH15V00043,4393,17.793434852703,46.349682188631
SH15V00043,4394,17.793265728547,46.349796637559
SH15V00043,4395,17.793073086346,46.349909699981
SH15V00043,4396,17.792966234628,46.34996509471
SH15V00043,4397,17.792849700893,46.350017780887
SH15V00043,4398,17.792595632399,46.350118280037
SH15V00043,4399,17.792311735053,46.350209379192
SH15V00043,4400,17.791898884493,46.350328352791
SH15V00043,4401,17.791775353961,46.35036753458
SH15V00043,4402,17.791662282638,46.35041090954
SH15V00043,4403,17.791562813473,46.350463011267
SH15V00043,4404,17.791473534208,46.350530901082
SH15V00043,4405,17.791402855494,46.350602090785
SH15V00043,4406,17.791339375538,46.350677999778
SH15V00043,4407,17.791283091089,46.350758768619
SH15V00043,4408,17.79123323765,46.350842350389
SH15V00043,4409,17.791193038182,46.350929835355
SH15V00043,4410,17.79116457845,46.351001354687
SH15V00043,4411,17.79113598967,46.351078425487
SH15V00043,4412,17.791113861403,46.351157044352
SH15V00043,4413,17.79101506286,46.351459807321
SH15V00043,4414,17.790990487979,46.351608759222
SH15V00043,4415,17.790981249209,46.351656875237
SH15V00043,4416,17.790986761208,46.351699251251
SH15V00043,4417,17.790991489105,46.351740423597
SH15V00043,4418,17.790985046771,46.351773036676
SH15V00043,4419,17.790984642205,46.351825398238
SH15V00043,4420,17.79099720308,46.351878958618
SH15V00043,4421,17.791027532093,46.351936723504
SH15V00043,4422,17.791071532391,46.352000263906
SH15V00043,4423,17.791263210037,46.352243845595
SH15V00043,4424,17.791301185975,46.352287075264
SH15V00043,4425,17.791367171249,46.352348119136
SH15V00043,4426,17.791413686266,46.352408313488
SH15V00043,4427,17.791413686266,46.352408313488
SH15V00043,4428,17.791432205077,46.352450131454
SH15V00043,4429,17.791514592942,46.352574197214
SH15V00043,4430,17.791538604106,46.352624300266
SH15V00043,4431,17.791551204887,46.352676174062
SH15V00043,4432,17.791548330938,46.352729984211
SH15V00043,4433,17.791522740535,46.352782838456
SH15V00043,4434,17.791469670027,46.352830044584
SH15V00043,4435,17.791391672542,46.352866570113
SH15V00043,4436,17.791293576948,46.352894296324
SH15V00043,4437,17.791177760151,46.352915780085
SH15V00043,4438,17.790307141577,46.353057693143
SH15V00043,4439,17.788331710627,46.35335413751
SH15V00043,4440,17.788007358031,46.35340288152
SH15V00043,4441,17.787568306568,46.353494696236
SH15V00043,4442,17.787422459994,46.353515278343
SH15V00043,4443,17.787134282702,46.353544953717
SH15V00043,4444,17.787000640469,46.35356454704
SH15V00043,4445,17.786679316722,46.353622599409
SH15V00043,4446,17.786593126261,46.353627188657
SH15V00043,4447,17.786514693482,46.353612534808
SH15V00043,4448,17.786446495121,46.353576908319
SH15V00043,4449,17.786397401442,46.353523009137
SH15V00043,4450,17.786319140681,46.353396525521
SH15V00043,4451,17.78626440994,46.353340595113
SH15V00043,4452,17.786187377984,46.35330072255
SH15V00043,4453,17.786094461242,46.353280353484
SH15V00043,4454,17.785988964572,46.353277064691
SH15V00043,4455,17.785878288349,46.353286932394
SH15V00043,4456,17.785523774226,46.353340463028
SH15V00043,4457,17.785188938391,46.353385918595
SH15V00043,4458,17.785096835261,46.353400281131
SH15V00043,4459,17.785017592765,46.353420340488
SH15V00043,4460,17.784949501788,46.353449732646
SH15V00043,4461,17.784896549591,46.353491595031
SH15V00043,4462,17.784863656766,46.353543874056
SH15V00043,4463,17.7848549419,46.353604085407
SH15V00043,4464,17.784865622293,46.353668379872
SH15V00043,4465,17.78542234732,46.355494141825
SH15V00043,4466,17.785463419332,46.355543804542
SH15V00043,4467,17.785524371238,46.355576820075
SH15V00043,4468,17.785596384986,46.355588239705
SH15V00043,4469,17.785668957937,46.355575696614
SH15V00043,4470,17.785729068041,46.355540380621
SH15V00043,4471,17.785765172864,46.355489683653
SH15V00043,4472,17.785776281795,46.355431256271
SH15V00043,4473,17.785772807251,46.355371330219
SH15V00043,4474,17.785777433895,46.355312267993
SH15V00043,4475,17.785794140961,46.355257558329
SH15V00043,4476,17.785864315624,46.355104126897
SH15V00043,4477,17.785846620653,46.355096759346
SH15V00043,4478,17.785846620653,46.355096759346
SH15V00043,4479,17.785870485994,46.355083319762
SH15V00043,4480,17.785897447794,46.355041587897
SH15V00043,4481,17.785970089608,46.354956435706
SH15V00043,4482,17.786007866828,46.354903648674
SH15V00043,4483,17.786149690459,46.354637921738
SH15V00043,4484,17.786193253921,46.35458077109
SH15V00043,4485,17.786253557622,46.354537092478
SH15V00043,4486,17.786335430415,46.354508767422
SH15V00043,4487,17.786436454633,46.354494995646
SH15V00043,4488,17.786968069214,46.354474088242
SH15V00043,4489,17.787112913363,46.354461789717
SH15V00043,4490,17.787261964383,46.35444321191
SH15V00043,4491,17.787414485637,46.354415113231
SH15V00043,4492,17.787567214671,46.354378089827
SH15V00043,4493,17.787858003769,46.354306198133
SH15V00043,4494,17.788006584276,46.354272923469
SH15V00043,4495,17.788165200598,46.354262042636
SH15V00043,4496,17.788339315069,46.354248241863
SH15V00043,4497,17.788437948385,46.354232473489
SH15V00043,4498,17.788513851558,46.354216310694
SH15V00043,4499,17.788626063034,46.354210323482
SH15V00043,4500,17.788719312758,46.35421649556
SH15V00043,4501,17.788830641972,46.354213520769
SH15V00043,4502,17.788951789275,46.354207422097
SH15V00043,4503,17.789083006482,46.354187377651
SH15V00043,4504,17.789499629526,46.354117237311
SH15V00043,4505,17.790291360795,46.353980987808
SH15V00043,4506,17.79113971982,46.353819075213
SH15V00043,4507,17.792152234241,46.353617231493
SH15V00043,4508,17.79247622751,46.353548860685
SH15V00043,4509,17.792788127949,46.353476629039
SH15V00043,4510,17.793415958398,46.353368407351
SH15V00043,4511,17.793477274124,46.353350813806
SH15V00043,4512,17.793511947254,46.353326457291
SH15V00043,4513,17.793525618693,46.353297228096
SH15V00043,4514,17.793514881205,46.353269976759
SH15V00043,4515,17.793490185128,46.353249318043
SH15V00043,4516,17.79345388303,46.353238862887
SH15V00043,4517,17.793415671968,46.35324068724
SH15V00043,4518,17.793378863044,46.353252086613
SH15V00043,4519,17.793301523298,46.35329529832
SH15V00043,4520,17.79322858681,46.35332372776
SH15V00043,4521,17.792769035531,46.353424472296
SH15V00043,4522,17.792543891017,46.353467725826