00228,22801,17.782419896548,46.36455373133
00228,22802,17.782387731994,46.364713351069
00228,22803,17.782381468519,46.364772746327
00228,22804,17.782375340307,46.364999925811
00228,22805,17.782382223486,46.365191754682
00228,22806,17.782417890135,46.365507335978
00228,22807,17.782498724021,46.365940808452
00228,22808,17.782533342728,46.366335946467
00228,22809,17.782544488071,46.366415077643
00228,22810,17.782576455212,46.366472230611
00228,22811,17.782630904525,46.366505877588
00228,22812,17.782698789565,46.366520767127
00228,22813,17.782862471615,46.366537995913
00228,22814,17.782959575555,46.366553915779
00228,22815,17.783174575856,46.366599765193
00228,22816,17.78329514847,46.366619462328
00228,22817,17.784265724236,46.366763957606
00228,22818,17.784446532075,46.366778353393
00228,22819,17.784483724206,46.366785798858
00228,22820,17.784483725847,46.366785728586
00228,22821,17.784478008359,46.366787070371
00228,22822,17.784579828195,46.366809789494
00228,22823,17.784800628791,46.366850850703
00228,22824,17.785480682069,46.36694871388
00228,22825,17.785871525724,46.367013043528
00228,22826,17.786292496627,46.367074334741
00228,22827,17.787035501063,46.367189972827
00228,22828,17.788112225427,46.367346656442
00228,22829,17.788198897786,46.367357183541
00228,22830,17.788277647197,46.367359117023
00228,22831,17.78845599193,46.36733988018
00228,22832,17.788509391047,46.367349051587
00228,22833,17.788564915579,46.367371601813
00228,22834,17.788623521668,46.367401355994
00228,22835,17.78869929981,46.367426240889
00228,22836,17.788883631687,46.367463864595
00228,22837,17.789272961922,46.367523737216
00228,22838,17.789608998116,46.367569940233
00228,22839,17.78971928106,46.367578199004
00228,22840,17.789915730684,46.367583833553
00228,22841,17.789996758256,46.36759260937
00228,22842,17.790179668404,46.367621569412
00228,22843,17.79023385905,46.367596728414
00228,22844,17.79023385905,46.367596728414
00228,22845,17.790274011791,46.367581712125
00228,22846,17.790426182928,46.367640061868
00228,22847,17.79050603094,46.367664639442
00228,22848,17.790596542622,46.367684766925
00228,22849,17.790966341624,46.367746313868
00228,22850,17.791443145698,46.367817415677
00228,22851,17.791607571461,46.367837873332
00228,22852,17.791896988971,46.367862885165
00228,22853,17.79211841948,46.367877228738
00228,22854,17.792360428607,46.367879921833
00228,22855,17.792372478128,46.367885749403
00228,22856,17.792372478128,46.367885749403
00228,22857,17.792388769297,46.36788382197
00228,22858,17.792421992447,46.367887354684
00228,22859,17.792605826284,46.367911611612
00228,22860,17.793055971112,46.367941501175
00228,22861,17.794214634844,46.367998944408
00228,22862,17.794532058785,46.368007320728
00228,22863,17.794855397199,46.368005850939
00228,22864,17.795188087186,46.367986419509
00228,22865,17.795359096462,46.367968214965
00228,22866,17.795707950008,46.367917260632
00228,22867,17.797534396326,46.367691358988
00228,22868,17.797625705102,46.367677117834
00228,22869,17.797766078241,46.367648799892
00228,22870,17.797766078241,46.367648799892
00228,22871,17.797762797318,46.367650169342
00228,22872,17.797952403571,46.367635611138
00228,22873,17.79838993788,46.367578461318
00228,22874,17.798452089925,46.367560452416
00228,22875,17.798499937332,46.367528719127
00228,22876,17.798535031249,46.367486441691
00228,22877,17.798564666022,46.367434333495
00228,22878,17.798624456481,46.367307559768
00228,22879,17.798715169936,46.367072881807
00228,22880,17.798921629169,46.366574702746
00228,22881,17.799124606624,46.366121610982
00228,22882,17.799464134723,46.365312746019
00228,22883,17.799555500807,46.365084681961
00228,22884,17.799671881753,46.364828567729
00228,22885,17.79978901648,46.364610137142
00228,22886,17.799823258538,46.364534251328
00228,22887,17.799852469214,46.364465198265
00228,22888,17.799861669829,46.364418486933
00228,22889,17.799865331956,46.364365388244
00228,22890,17.799875877746,46.364330781661
00228,22891,17.799875877746,46.364330781661
00228,22892,17.79987259059,46.36433243226
00228,22893,17.799995826449,46.364060718905
00228,22894,17.800457037771,46.362975692469
00228,22895,17.800536411441,46.362809420569
00228,22896,17.800763493308,46.362296073115
00228,22897,17.800796777923,46.362226361975
00228,22898,17.800878663587,46.362091958963
00228,22899,17.800914330536,46.362024593692
00228,22900,17.801046170242,46.361731536007
00228,22901,17.801272727164,46.361205318806
00228,22902,17.801296994106,46.361139162972
00228,22903,17.801318107367,46.360998394694
00228,22904,17.801342550698,46.360924579202
00228,22905,17.801312545262,46.360922560715
00228,22906,17.801316018426,46.360912828793
00228,22907,17.801308848023,46.360906774924
00228,22908,17.801308848023,46.360906774924
00228,22909,17.801334037508,46.360871064809
00228,22910,17.801410648371,46.360789180029
00228,22911,17.801431683776,46.360757500814
00228,22912,17.801459958525,46.360693638507
00228,22913,17.80150609753,46.360559472774
00228,22914,17.801536053481,46.360528384119
00228,22915,17.80156156723,46.360513834802
00228,22916,17.801598384222,46.360502221939
00228,22917,17.801695229427,46.360493872867
00228,22918,17.802019247342,46.360496186222
00228,22919,17.802182582753,46.360492647773
00228,22920,17.80235968782,46.36052602272
00228,22921,17.802600668336,46.360501410388
00228,22922,17.80273400009,46.360495782717
00228,22923,17.803242363584,46.360499213188
00228,22924,17.803341901638,46.360479716323
00228,22925,17.80338768935,46.3605018004
00228,22926,17.803431883487,46.360487245855
00228,22927,17.803472311853,46.360459856998
00228,22928,17.803540270248,46.360259647807
00228,22929,17.803538546837,46.360193345447
00228,22930,17.803546741997,46.360119561176
00228,22931,17.803580623868,46.359953066709
00228,22932,17.803627623748,46.359675307465
00228,22933,17.803735966266,46.358919902154
00228,22934,17.803750293092,46.358862000719
00228,22935,17.803736374749,46.358760910978
00228,22936,17.803738554756,46.358736755305
00228,22937,17.803738554756,46.358736755305
00228,22938,17.803766957748,46.358737771429
00228,22939,17.803807699258,46.358661393888
00228,22940,17.803810490205,46.358610675382
00228,22941,17.803828737733,46.358558862104
00228,22942,17.803836573435,46.358500678212
00228,22943,17.803861536486,46.358439379561
00228,22944,17.803880137864,46.358372176698
00228,22945,17.804004536428,46.357907175128
00228,22946,17.804019324891,46.357829175858
00228,22947,17.804018406473,46.357763163554
00228,22948,17.804003545751,46.357703042451
00228,22949,17.803978923771,46.357643586907
00228,22950,17.803924294288,46.357546968591
00228,22951,17.803900649904,46.357515639752
00228,22952,17.80386798351,46.357488147653
00228,22953,17.803823066681,46.357463613206
00228,22954,17.803765068074,46.357442870707
00228,22955,17.803700394437,46.357429856736
00228,22956,17.803536726859,46.357412939261
00228,22957,17.803033179838,46.357342646982
00228,22958,17.802678439888,46.357299791421
00228,22959,17.802418703571,46.357293058274
00228,22960,17.802176942469,46.357246387493
00228,22961,17.80183039944,46.357200316138
00228,22962,17.801707196372,46.357189676992
00228,22963,17.801589777408,46.357174743638
00228,22964,17.801350528485,46.357160080728
00228,22965,17.801243392955,46.357157069341
00228,22966,17.80107846632,46.357159604673
00228,22967,17.800976358035,46.357149900762
00228,22968,17.800952583344,46.357194764098
00228,22969,17.800952583344,46.357194764098
00228,22970,17.800960954298,46.357219176929
00228,22971,17.800896155235,46.357211642567
00228,22972,17.800630941571,46.357160702693
00228,22973,17.800541835932,46.357150650114
00228,22974,17.799939514196,46.357102447466
00228,22975,17.79956112143,46.357064100124
00228,22976,17.799288672818,46.357045199513
00228,22977,17.798919957773,46.35700983901
00228,22978,17.79868836028,46.356980423974
00228,22979,17.798462703148,46.356939968441
00228,22980,17.798237736536,46.356904791847
00228,22981,17.797663025957,46.356821737873
00228,22982,17.797519642879,46.356805809618
00228,22983,17.797310415927,46.356792454919
00228,22984,17.797266715468,46.356785714666
00228,22985,17.797105176232,46.356747162109
00228,22986,17.797044509497,46.356736578581
00228,22987,17.79697644915,46.356729638405
00228,22988,17.796415277754,46.356693400699
00228,22989,17.796191132425,46.356693022645
00228,22990,17.79605295883,46.356697674991
00228,22991,17.795990279748,46.356703867867
00228,22992,17.795775554202,46.356752655923
00228,22993,17.795726712251,46.356757526142
00228,22994,17.795624366524,46.356758147362
00228,22995,17.795414585352,46.356768751872
00228,22996,17.795414585352,46.356768751872
00228,22997,17.795369342619,46.35675847926
00228,22998,17.795289910351,46.356751622676
00228,22999,17.79522435765,46.356741616525
00228,23000,17.795075150286,46.35673173571
00228,23001,17.79493134823,46.356733934319
00228,23002,17.794663064677,46.3567457152
00228,23003,17.794430920202,46.356740043331
00228,23004,17.794367932161,46.356724512266
00228,23005,17.794337478916,46.356706882541
00228,23006,17.794317690073,46.356684661881
00228,23007,17.794306918939,46.356658816053
00228,23008,17.794302788306,46.356626788205
00228,23009,17.794312650193,46.356481608368
00228,23010,17.794507016832,46.355523958182
00228,23011,17.794565423691,46.355211394911
00228,23012,17.794646439228,46.354834345718
00228,23013,17.794728378822,46.354382307341
00228,23014,17.794777132247,46.354135779639
00228,23015,17.794842127314,46.353819142358
00228,23016,17.794852076009,46.353740246932
00228,23017,17.794872828407,46.353650717143
00228,23018,17.794892742796,46.353562302683
00228,23019,17.794904211342,46.353452847996
00228,23020,17.794900995047,46.353416402064
00228,23021,17.794885619879,46.353378977596
00228,23022,17.794852234942,46.353347749464
00228,23023,17.79480328896,46.353322182533
00228,23024,17.794738684261,46.353306493096
00228,23025,17.794669040554,46.353297987509
00228,23026,17.794536056213,46.353289340455
00228,23027,17.794335510588,46.353287463515
00228,23028,17.794133719834,46.353304269517
00228,23029,17.793863130429,46.353346177084
00228,23030,17.793773548444,46.353356989911
00228,23031,17.793711000055,46.353357700313
00228,23032,17.793664081311,46.353349798209
00228,23033,17.793629521846,46.353334231317
00228,23034,17.793597572432,46.353311172406
00228,23035,17.793527972513,46.353265764352
00228,23036,17.793501502727,46.353251552594
00228,23037,17.793483791027,46.35324488896
00228,23038,17.793432693991,46.353242071465
00228,23039,17.793400066757,46.353248245598
00228,23040,17.793363239897,46.353260417957
00228,23041,17.793243318237,46.353318830727
00228,23042,17.793187648235,46.353338103611
00228,23043,17.792686541744,46.353444781991
00228,23044,17.792597611442,46.353462489562
00228,23045,17.792543891017,46.353467725826