SH20AV00078,7801,17.820737557171,46.364031801762
SH20AV00078,7802,17.820715813382,46.364023552248
SH20AV00078,7803,17.820194227065,46.364207589763
SH20AV00078,7804,17.819455288789,46.364484009135
SH20AV00078,7805,17.818429431918,46.364875524912
SH20AV00078,7806,17.818382964981,46.364882891015
SH20AV00078,7807,17.81834321507,46.364880630321
SH20AV00078,7808,17.81830857564,46.364867952143
SH20AV00078,7809,17.818279030731,46.364845559209
SH20AV00078,7810,17.818254487682,46.364817527314
SH20AV00078,7811,17.818120307679,46.364645753021
SH20AV00078,7812,17.818120307679,46.364645753021
SH20AV00078,7813,17.817996667785,46.36447486664
SH20AV00078,7814,17.817770091585,46.364187161073
SH20AV00078,7815,17.817590385188,46.363945865283
SH20AV00078,7816,17.817436470892,46.363749132977
SH20AV00078,7817,17.817230726155,46.363474305595
SH20AV00078,7818,17.817101719271,46.363289653152
SH20AV00078,7819,17.816930760977,46.36305681616
SH20AV00078,7820,17.81688783197,46.363015860923
SH20AV00078,7821,17.816803109311,46.362919764266
SH20AV00078,7822,17.816801650541,46.362876801346
SH20AV00078,7823,17.816772976397,46.362887594238
SH20AV00078,7824,17.81671694684,46.362815568517
SH20AV00078,7825,17.816352750781,46.362329898442
SH20AV00078,7826,17.815860895844,46.3625280875
SH20AV00078,7827,17.813825590583,46.363304194743
SH20AV00078,7828,17.813574886474,46.363398663045
SH20AV00078,7829,17.813117988955,46.363559055471
SH20AV00078,7830,17.812482956805,46.3638014217
SH20AV00078,7831,17.812591611197,46.363880773572
SH20AV00078,7832,17.812593172707,46.363883531969
SH20AV00078,7833,17.812556418379,46.363892407805
SH20AV00078,7834,17.812342770681,46.363929008933
SH20AV00078,7835,17.812270054656,46.36394761259
SH20AV00078,7836,17.812103046553,46.364004826899
SH20AV00078,7837,17.811410847155,46.36426026756
SH20AV00078,7838,17.80966314493,46.36492171723
SH20AV00078,7839,17.809246201184,46.365074379105
SH20AV00078,7840,17.808966206004,46.365170273043
SH20AV00078,7841,17.808667772037,46.365255490603
SH20AV00078,7842,17.808373676144,46.365328594902
SH20AV00078,7843,17.807967221279,46.365413186223
SH20AV00078,7844,17.807612620484,46.365503477261
SH20AV00078,7845,17.807488710775,46.365522780348
SH20AV00078,7846,17.807488710775,46.365522780348
SH20AV00078,7847,17.807487976061,46.365519398359
SH20AV00078,7848,17.807420489753,46.365522311504
SH20AV00078,7849,17.807226433688,46.365518842371
SH20AV00078,7850,17.806711515755,46.365551206092
SH20AV00078,7851,17.806344868262,46.365564604144
SH20AV00078,7852,17.806086578837,46.365563870442
SH20AV00078,7853,17.805666114206,46.365550877596
SH20AV00078,7854,17.805373284894,46.365533243866
SH20AV00078,7855,17.801386975432,46.365234825982
SH20AV00078,7856,17.800681327717,46.365189915004
SH20AV00078,7857,17.800527966016,46.365183018212
SH20AV00078,7858,17.800063587311,46.365172400849
SH20AV00078,7859,17.799164547707,46.365165758145
SH20AV00078,7860,17.79880900864,46.365190571332
SH20AV00078,7861,17.798639186603,46.365192978892
SH20AV00078,7862,17.798449977104,46.365190743241
SH20AV00078,7863,17.798383664267,46.365107699348
SH20AV00078,7864,17.797198530177,46.365108556417
SH20AV00078,7865,17.795631256076,46.365125333705
SH20AV00078,7866,17.794079470605,46.365139660627
SH20AV00078,7867,17.793787886845,46.365138599064
SH20AV00078,7868,17.792791305547,46.365134898194
SH20AV00078,7869,17.79177848135,46.365131077987
SH20AV00078,7870,17.790813562865,46.365128063592
SH20AV00078,7871,17.789789422261,46.365121850171
SH20AV00078,7872,17.789326856726,46.365103195752
SH20AV00078,7873,17.789315499207,46.365102577034
SH20AV00078,7874,17.78904940065,46.365088432381
SH20AV00078,7875,17.789064587803,46.365168802829
SH20AV00078,7876,17.788877977915,46.365124687227
SH20AV00078,7877,17.78856947459,46.365082795701
SH20AV00078,7878,17.787809072391,46.364982858706
SH20AV00078,7879,17.786993662814,46.36483844081
SH20AV00078,7880,17.786217534943,46.364681663429
SH20AV00078,7881,17.785074188601,46.364458564459
SH20AV00078,7882,17.784030391251,46.364251259599
SH20AV00078,7883,17.782497834189,46.363930569068
SH20AV00078,7884,17.782052918708,46.363852406264
SH20AV00078,7885,17.781707884084,46.363810156276
SH20AV00078,7886,17.78145076507,46.363759754347
SH20AV00078,7887,17.78145076507,46.363759754347
SH20AV00078,7888,17.781429714363,46.363756847033
SH20AV00078,7889,17.781348248851,46.363732385354
SH20AV00078,7890,17.781231530634,46.363687143696
SH20AV00078,7891,17.781153297042,46.363663421059
SH20AV00078,7892,17.781066862407,46.363643050508
SH20AV00078,7893,17.780618810203,46.363560277918
SH20AV00078,7894,17.780349212991,46.363522526121
SH20AV00078,7895,17.780213091046,46.363508133685
SH20AV00078,7896,17.779935699986,46.363491028944
SH20AV00078,7897,17.779662132028,46.363484088287
SH20AV00078,7898,17.779266517031,46.363486037116
SH20AV00078,7899,17.778861849163,46.363493013924
SH20AV00078,7900,17.778723026061,46.363489906035
SH20AV00078,7901,17.77844648884,46.363471049976
SH20AV00078,7902,17.778215622505,46.363444342653
SH20AV00078,7903,17.77799555714,46.363407353464
SH20AV00078,7904,17.777624006775,46.363318471197
SH20AV00078,7905,17.777408969734,46.363274930181
SH20AV00078,7906,17.777308836463,46.363249974188
SH20AV00078,7907,17.777143667823,46.363192795601
SH20AV00078,7908,17.776983535234,46.363128714759
SH20AV00078,7909,17.776983535234,46.363128714759
SH20AV00078,7910,17.776900070883,46.363085740979
SH20AV00078,7911,17.776694170417,46.36296456046
SH20AV00078,7912,17.776489427445,46.362863284749
SH20AV00078,7913,17.776364020703,46.362807818282
SH20AV00078,7914,17.776230427812,46.362755071018
SH20AV00078,7915,17.775926648574,46.362651412759
SH20AV00078,7916,17.7757588273,46.362603550813
SH20AV00078,7917,17.775580334236,46.362560488591
SH20AV00078,7918,17.775399994199,46.362526894443
SH20AV00078,7919,17.775214565602,46.362502450635
SH20AV00078,7920,17.775024096319,46.362485119262
SH20AV00078,7921,17.774829390036,46.362475260822
SH20AV00078,7922,17.774632884411,46.362472832511
SH20AV00078,7923,17.774436208381,46.362477641836
SH20AV00078,7924,17.774240957791,46.362490901748
SH20AV00078,7925,17.774048783085,46.362511506244
SH20AV00078,7926,17.773858845677,46.362540570517
SH20AV00078,7927,17.773672802649,46.362576707486
SH20AV00078,7928,17.773489858466,46.362619205284
SH20AV00078,7929,17.773310838348,46.362667510924
SH20AV00078,7930,17.773134126469,46.36272125472
SH20AV00078,7931,17.772961336906,46.362780876663
SH20AV00078,7932,17.772625154734,46.362914916663
SH20AV00078,7933,17.771806399026,46.363259500979
SH20AV00078,7934,17.771172775441,46.36353750084
SH20AV00078,7935,17.770866744276,46.363667026851
SH20AV00078,7936,17.770726283319,46.363733267183
SH20AV00078,7937,17.770601216049,46.363801157709
SH20AV00078,7938,17.770489448277,46.363856194955
SH20AV00078,7939,17.770338496138,46.363919504423
SH20AV00078,7940,17.770320960076,46.36393976036
SH20AV00078,7941,17.770320960076,46.36393976036
SH20AV00078,7942,17.770334178938,46.363964722541
SH20AV00078,7943,17.770307133987,46.363974889574
SH20AV00078,7944,17.770251567702,46.363988951058
SH20AV00078,7945,17.770073782227,46.364019060425
SH20AV00078,7946,17.769984647825,46.364044339518
SH20AV00078,7947,17.76979462313,46.364111141987
SH20AV00078,7948,17.769557696447,46.364203420203
SH20AV00078,7949,17.768045317706,46.364818396724
SH20AV00078,7950,17.766908406362,46.365286703165
SH20AV00078,7951,17.766444213627,46.365474027988
SH20AV00078,7952,17.765842411572,46.365709482792
SH20AV00078,7953,17.765697388254,46.365762099107
SH20AV00078,7954,17.765554172089,46.365807003827
SH20AV00078,7955,17.765149636198,46.365910301414
SH20AV00078,7956,17.765046182664,46.365956852473
SH20AV00078,7957,17.764973294552,46.366016122097
SH20AV00078,7958,17.764935127329,46.366084151037
SH20AV00078,7959,17.764926890307,46.366157440623
SH20AV00078,7960,17.76494137989,46.366231480652
SH20AV00078,7961,17.764972888251,46.366307190285
SH20AV00078,7962,17.765018192132,46.366383478501
SH20AV00078,7963,17.765071702005,46.36645627518
SH20AV00078,7964,17.765172890508,46.366573756272
SH20AV00078,7965,17.765326920715,46.366723749791
SH20AV00078,7966,17.765326920715,46.366723749791
SH20AV00078,7967,17.765344301729,46.36674440188
SH20AV00078,7968,17.76539807623,46.366840326965
SH20AV00078,7969,17.76543363216,46.366882413335
SH20AV00078,7970,17.765785395687,46.367223664466
SH20AV00078,7971,17.76672510275,46.368121192607
SH20AV00078,7972,17.766873878017,46.36825334078
SH20AV00078,7973,17.766958493908,46.368316297541
SH20AV00078,7974,17.767145754253,46.368435597327
SH20AV00078,7975,17.767251653845,46.368491696103
SH20AV00078,7976,17.767484612014,46.368602305898
SH20AV00078,7977,17.76774886917,46.368694783907
SH20AV00078,7978,17.76788920661,46.368737425547
SH20AV00078,7979,17.768033837705,46.368770275051
SH20AV00078,7980,17.7683244021,46.368849624606
SH20AV00078,7981,17.768602444722,46.368943240977
SH20AV00078,7982,17.768733973115,46.36898058019
SH20AV00078,7983,17.768983535086,46.369041960896
SH20AV00078,7984,17.769194980881,46.369100659824
SH20AV00078,7985,17.76935763004,46.369127385655
SH20AV00078,7986,17.76938212507,46.369122110253
SH20AV00078,7987,17.769440079838,46.369144697493
SH20AV00078,7988,17.769465532969,46.369167619381
SH20AV00078,7989,17.769474582442,46.369197173588
SH20AV00078,7990,17.769464703802,46.369237056909
SH20AV00078,7991,17.769439195355,46.369285197996
SH20AV00078,7992,17.76890096487,46.369991492026
SH20AV00078,7993,17.76885302253,46.370060747001
SH20AV00078,7994,17.768783338787,46.370190556725
SH20AV00078,7995,17.768760762705,46.370217714077
SH20AV00078,7996,17.768760762705,46.370217714077
SH20AV00078,7997,17.768746057037,46.370255574495
SH20AV00078,7998,17.768675322702,46.370326750038
SH20AV00078,7999,17.768641857826,46.370367771721
SH20AV00078,8000,17.768455756006,46.370611115962
SH20AV00078,8001,17.768393877985,46.370685625113
SH20AV00078,8002,17.767773153768,46.371512440611
SH20AV00078,8003,17.767589497767,46.37182371184
SH20AV00078,8004,17.767527547288,46.371901171927
SH20AV00078,8005,17.76752070387,46.371915714692
SH20AV00078,8006,17.76752070387,46.371915714692
SH20AV00078,8007,17.767522877488,46.371926845245
SH20AV00078,8008,17.767440035032,46.371994579029
SH20AV00078,8009,17.767301598867,46.372145749258
SH20AV00078,8010,17.766712566927,46.3729022068
SH20AV00078,8011,17.766115867989,46.373638682198
SH20AV00078,8012,17.76560176069,46.374283309716
SH20AV00078,8013,17.765266388512,46.374721906783
SH20AV00078,8014,17.763732632442,46.376701488003
SH20AV00078,8015,17.763610414787,46.376887210605
SH20AV00078,8016,17.763583666954,46.37691874782
SH20AV00078,8017,17.763583666954,46.37691874782
SH20AV00078,8018,17.763577486145,46.376905322283
SH20AV00078,8019,17.763491727025,46.376992701484
SH20AV00078,8020,17.763362862087,46.377150372557
SH20AV00078,8021,17.762799137224,46.377862956696
SH20AV00078,8022,17.76275117009,46.377932630736
SH20AV00078,8023,17.762745576686,46.377962862263
SH20AV00078,8024,17.762762601241,46.377998623136
SH20AV00078,8025,17.762808855446,46.378035208874
SH20AV00078,8026,17.762884392801,46.378070370752
SH20AV00078,8027,17.763154247304,46.378168264928
SH20AV00078,8028,17.76331481876,46.378215078637
SH20AV00078,8029,17.763413116729,46.378249796312
SH20AV00078,8030,17.763413116729,46.378249796312
SH20AV00078,8031,17.763598869876,46.378331057404
SH20AV00078,8032,17.764164941038,46.378546049638
SH20AV00078,8033,17.766076254846,46.379251137999
SH20AV00078,8034,17.766491446939,46.379387998893
SH20AV00078,8035,17.766589158275,46.379413358462
SH20AV00078,8036,17.766689406453,46.379434529316
SH20AV00078,8037,17.766902192145,46.379472581939
SH20AV00078,8038,17.767017214773,46.379487453466
SH20AV00078,8039,17.767253280736,46.379503136099
SH20AV00078,8040,17.767371800624,46.379507573666
SH20AV00078,8041,17.767489619746,46.379507293697
SH20AV00078,8042,17.767859883372,46.379482955778
SH20AV00078,8043,17.768626296936,46.379404696288
SH20AV00078,8044,17.76885611968,46.379375178334
SH20AV00078,8045,17.76894730281,46.379367425357
SH20AV00078,8046,17.769110750556,46.379361686068
SH20AV00078,8047,17.769183829146,46.379363638716
SH20AV00078,8048,17.769201511512,46.379371781875