00605,60501,17.790057529886,46.353943587193
00605,60502,17.789989380797,46.353940648298
00605,60503,17.789905681381,46.353942877994
00605,60504,17.789692188367,46.353973814479
00605,60505,17.789207500898,46.354037432299
00605,60506,17.788976290793,46.354061913937
00605,60507,17.788937915447,46.354070763955
00605,60508,17.788890411243,46.354088017176
00605,60509,17.788859989705,46.354104055234
00605,60510,17.788835145161,46.354124724384
00605,60511,17.788821670533,46.354145379852
00605,60512,17.788816766999,46.354181594797
00605,60513,17.78881736421,46.354260607499
00605,60514,17.788822611441,46.354314297387
00605,60515,17.788827958458,46.354363700694
00605,60516,17.788811898164,46.354425657862
00605,60517,17.788767566577,46.354481043663
00605,60518,17.788712264023,46.354519296792
00605,60519,17.788646077233,46.354536692827
00605,60520,17.788569682398,46.354539073373
00605,60521,17.788493683494,46.354524448089
00605,60522,17.78843512579,46.354493218151
00605,60523,17.788392886514,46.354458726163
00605,60524,17.788369545361,46.354414815421
00605,60525,17.788363270674,46.354370392326
00605,60526,17.788374908681,46.354323990237
00605,60527,17.788405917888,46.35428272473
00605,60528,17.788454622092,46.35424882636
00605,60529,17.788512849867,46.35422445316
00605,60530,17.788581362423,46.354211792605
00605,60531,17.78865764392,46.354214260807
00605,60532,17.788755010434,46.354218018656
00605,60533,17.788871224168,46.354214536025
00605,60534,17.788997360654,46.354203432102
00605,60535,17.789521676818,46.354112070917
00605,60536,17.790302054394,46.353975132369
00605,60537,17.791436749887,46.35375785771
00605,60538,17.79199081456,46.353644042523
00605,60539,17.792310531771,46.353584973152
00605,60540,17.792840182178,46.353473201662
00605,60541,17.793407852499,46.353367754888
00605,60542,17.793977154167,46.353261901676
00605,60543,17.794251944209,46.353213925297
00605,60544,17.794666123896,46.353143457733
00605,60545,17.794934311805,46.353099975206
00605,60546,17.795319339836,46.353025807548
00605,60547,17.795437734069,46.352998162652
00605,60548,17.795748228083,46.352916207277
00605,60549,17.795836251856,46.352902493711
00605,60550,17.795916007084,46.352895154985
00605,60551,17.796179552815,46.352876711517
00605,60552,17.796179552815,46.352876711517
00605,60553,17.796249410848,46.352875940279
00605,60554,17.796392312676,46.352877104037
00605,60555,17.796637593529,46.35287588877
00605,60556,17.796843064287,46.352875426399
00605,60557,17.796944559895,46.352876130238
00605,60558,17.797170079229,46.352886643958
00605,60559,17.797288567629,46.352889996042
00605,60560,17.797516011366,46.352887526765
00605,60561,17.797686465443,46.352891243558
00605,60562,17.797742919143,46.352908246769
00605,60563,17.797776376931,46.35293638208
00605,60564,17.797788569754,46.352971029558
00605,60565,17.797785102845,46.353015625245
00605,60566,17.7977448647,46.353245730301
00605,60567,17.79764394147,46.35409863453
00605,60568,17.797631324906,46.354293127541
00605,60569,17.797598436698,46.354451126269
00605,60570,17.797549443002,46.354849127216
00605,60571,17.797453415215,46.355806185085
00605,60572,17.797446995433,46.356048754827
00605,60573,17.797432110256,46.356130547914
00605,60574,17.797435349202,46.356201225215
00605,60575,17.797402664352,46.356631388866
00605,60576,17.797428779411,46.356661059538
00605,60577,17.797475506632,46.356677392711
00605,60578,17.797533706689,46.356689284177
00605,60579,17.797602489662,46.356700097973
00605,60580,17.79774760032,46.356711546713
00605,60581,17.798088183598,46.356769232782
00605,60582,17.798152259097,46.356772894804
00605,60583,17.798152259097,46.356772894804
00605,60584,17.798234431376,46.356801780473
00605,60585,17.798272339574,46.356813165615
00605,60586,17.798546234021,46.35687489128
00605,60587,17.798731804766,46.356892761458
00605,60588,17.79883163373,46.356895624049
00605,60589,17.799278801932,46.356945067698
00605,60590,17.799518661805,46.356968387438
00605,60591,17.799642763462,46.35697524327
00605,60592,17.79989808795,46.356997116643
00605,60593,17.80038332885,46.357050913301
00605,60594,17.80083160333,46.357087710819
00605,60595,17.800940113118,46.357101562433
00605,60596,17.801383458385,46.357140833703
00605,60597,17.801505734356,46.357156453543
00605,60598,17.801562604986,46.357155605758
00605,60599,17.801679372238,46.357163573243
00605,60600,17.801910967948,46.35715790744
00605,60601,17.802000895516,46.357167546273
00605,60602,17.802076888825,46.357182724637
00605,60603,17.802076888825,46.357182724637
00605,60604,17.802047216669,46.357201586099
00605,60605,17.802085333121,46.357203975144
00605,60606,17.802150792158,46.357218123358
00605,60607,17.80225044874,46.357228502031
00605,60608,17.802451956786,46.357259756534
00605,60609,17.802522132383,46.357280704429
00605,60610,17.802686504425,46.35730227029
00605,60611,17.802810421304,46.357281918405
00605,60612,17.802918440289,46.357281845296
00605,60613,17.803126062772,46.35729446896
00605,60614,17.803451905722,46.357322524642
00605,60615,17.804261928067,46.357415523666
00605,60616,17.804860934645,46.357502255763
00605,60617,17.805163019838,46.357539322967
00605,60618,17.807053731432,46.357751955496
00605,60619,17.808091979716,46.357880613671
00605,60620,17.808233862387,46.357891380786
00605,60621,17.808582107983,46.357899002556
00605,60622,17.808667844514,46.357914424062
00605,60623,17.808736945762,46.357946954072
00605,60624,17.808791077547,46.357994783378
00605,60625,17.808833545696,46.358055417877
00605,60626,17.808917873815,46.358203249686
00605,60627,17.808968162574,46.35827704392
00605,60628,17.809026614639,46.35834902995
00605,60629,17.809086060703,46.358413084117
00605,60630,17.809145753147,46.358466386619
00605,60631,17.809290639724,46.358629784496
00605,60632,17.809290639724,46.358629784496
00605,60633,17.80932462682,46.358635218496
00605,60634,17.809406452063,46.358786044902
00605,60635,17.80944255281,46.358841056366
00605,60636,17.809627907482,46.359081654465
00605,60637,17.809666386686,46.359139222391
00605,60638,17.811154995104,46.360991941094
00605,60639,17.81146014995,46.361357629483
00605,60640,17.811908040474,46.361910656609
00605,60641,17.812440211162,46.362579177087
00605,60642,17.812868494719,46.363102463818
00605,60643,17.812876395304,46.363112179996
00605,60644,17.812870035424,46.363141702364
00605,60645,17.813305541763,46.363704780125
00605,60646,17.813413322977,46.36382242955
00605,60647,17.813551625963,46.363955173628
00605,60648,17.813659066622,46.364087790798
00605,60649,17.813659066622,46.364087790798
00605,60650,17.8136701179,46.364101829057
00605,60651,17.813741594378,46.364244315031
00605,60652,17.813906195324,46.364470550503
00605,60653,17.814805817463,46.365591104187
00605,60654,17.815169640435,46.366057867229
00605,60655,17.815733439529,46.366767836445
00605,60656,17.815888764322,46.366974075588
00605,60657,17.815967065328,46.367067010039
00605,60658,17.816182543728,46.367271445359
00605,60659,17.816267060856,46.367376818437
00605,60660,17.816267060856,46.367376818437
00605,60661,17.816323601729,46.367497912155
00605,60662,17.816389581758,46.367596897312
00605,60663,17.816764351549,46.368012181784
00605,60664,17.817020567888,46.368318628539
00605,60665,17.817211244006,46.368506765201
00605,60666,17.817308565599,46.36862078217
00605,60667,17.817308565599,46.36862078217
00605,60668,17.817306103634,46.368621879955
00605,60669,17.81732641139,46.368657597727
00605,60670,17.817395276861,46.368808417246
00605,60671,17.817501136225,46.36897566616
00605,60672,17.817606702095,46.369120137906
00605,60673,17.818090553723,46.36974058775
00605,60674,17.818679013713,46.370476887769
00605,60675,17.819643156629,46.371698336922
00605,60676,17.820329726514,46.372552165744
00605,60677,17.820774339597,46.373114468835
00605,60678,17.82086138634,46.373216562196
00605,60679,17.820951058153,46.373310389846
00605,60680,17.821220955428,46.373553082044
00605,60681,17.821299665666,46.373628796099
00605,60682,17.821299665666,46.373628796099
00605,60683,17.821338396449,46.373712088587
00605,60684,17.821364228435,46.373755175758
00605,60685,17.821403684641,46.373806494309
00605,60686,17.821506721213,46.37392007757
00605,60687,17.822185397845,46.374587049165
00605,60688,17.822484577267,46.374900416205
00605,60689,17.822659436594,46.375107209133
00605,60690,17.822744736681,46.375214975475
00605,60691,17.822825894771,46.375326281557
00605,60692,17.822977385506,46.375560584699
00605,60693,17.823112483231,46.375801316941
00605,60694,17.82317077618,46.375917857199
00605,60695,17.823268585816,46.376154951247
00605,60696,17.823312939273,46.376277174202
00605,60697,17.82339020851,46.376524448117
00605,60698,17.823547172147,46.377127268136
00605,60699,17.823581171367,46.377240381569
00605,60700,17.823697856587,46.37754108124
00605,60701,17.823762778214,46.377723835624
00605,60702,17.823762778214,46.377723835624
00605,60703,17.823775940244,46.377860199716
00605,60704,17.823874522159,46.378278789427
00605,60705,17.824257000659,46.379759370886
00605,60706,17.82429337789,46.379875251162
00605,60707,17.824458853071,46.380497772873
00605,60708,17.824503012441,46.380628849705
00605,60709,17.82514233687,46.383184901852
00605,60710,17.825316241585,46.383794861361