00092,9201,17.792090349527,46.353484397354
00092,9202,17.791931522534,46.353504489316
00092,9203,17.791649993887,46.353562717677
00092,9204,17.791609940049,46.353573939763
00092,9205,17.791572196215,46.353590599894
00092,9206,17.791537605281,46.353611371949
00092,9207,17.791493266657,46.353632246298
00092,9208,17.791441733545,46.353648190486
00092,9209,17.790974179659,46.353743566896
00092,9210,17.790368865709,46.353860952948
00092,9211,17.789672671659,46.353974932308
00092,9212,17.789267710896,46.35403255118
00092,9213,17.789109653901,46.354054334754
00092,9214,17.78899557695,46.354070704554
00092,9215,17.788917285844,46.354084802607
00092,9216,17.788882924194,46.354095665523
00092,9217,17.788848371161,46.354114750231
00092,9218,17.788828375135,46.354136457555
00092,9219,17.788813715661,46.354173125932
00092,9220,17.788813049937,46.35420172656
00092,9221,17.788823405767,46.354245281406
00092,9222,17.788848634995,46.354312760295
00092,9223,17.788858008862,46.354363614345
00092,9224,17.788850303224,46.354415542994
00092,9225,17.788819905,46.354465461117
00092,9226,17.788761793815,46.354519709058
00092,9227,17.788668367401,46.354555990253
00092,9228,17.788588680725,46.354560231898
00092,9229,17.788509345796,46.354549365049
00092,9230,17.788434512221,46.354519570079
00092,9231,17.788346725503,46.354453149883
00092,9232,17.78825511535,46.354411429031
00092,9233,17.788164600554,46.35439242403
00092,9234,17.78804542518,46.354383572098
00092,9235,17.787933067602,46.354395812923
00092,9236,17.787813149065,46.354418864144
00092,9237,17.787428313421,46.354518734748
00092,9238,17.787296173163,46.354543476407
00092,9239,17.787158465696,46.354563165098
00092,9240,17.787015978393,46.354578863952
00092,9241,17.786728718539,46.354603768885
00092,9242,17.786588832236,46.35461239698
00092,9243,17.786318967964,46.35462266416
00092,9244,17.785918374376,46.354631960353
00092,9245,17.785545021572,46.354657164363
00092,9246,17.785422290056,46.354661484412
00092,9247,17.785192512474,46.354659193842
00092,9248,17.785099861032,46.354662163268
00092,9249,17.784827551649,46.354742338194
00092,9250,17.784819133553,46.354789830358
00092,9251,17.784819420058,46.354847120021
00092,9252,17.784835785076,46.354980995076
00092,9253,17.784878234364,46.355180321121
00092,9254,17.784882421376,46.355244472596
00092,9255,17.784885937023,46.355372158832
00092,9256,17.784866498177,46.355404696397
00092,9257,17.784866498177,46.355404696397
00092,9258,17.784825895473,46.355404522962
00092,9259,17.784801753047,46.355534148815
00092,9260,17.784802198709,46.355584622119
00092,9261,17.784813891553,46.355640352532
00092,9262,17.78484762788,46.355691128278
00092,9263,17.784903550493,46.355730835693
00092,9264,17.784976062866,46.355755686715
00092,9265,17.785050625724,46.355762285209
00092,9266,17.785123958466,46.355752000254
00092,9267,17.785190372612,46.355724979052
00092,9268,17.785240088897,46.355682658542
00092,9269,17.785266480684,46.355630587789
00092,9270,17.785266292119,46.355569081819
00092,9271,17.785209582459,46.355354343364
00092,9272,17.785080006564,46.354921241284
00092,9273,17.784945824054,46.354442047437
00092,9274,17.784733133028,46.35374288002
00092,9275,17.784697580997,46.353665584521
00092,9276,17.78464220387,46.353602617059
00092,9277,17.784562089273,46.353555679844
00092,9278,17.78446436863,46.353532373738
00092,9279,17.784361230104,46.353532413475
00092,9280,17.784049013525,46.353582898767
00092,9281,17.78394130969,46.353604536336
00092,9282,17.783835913372,46.353631682291
00092,9283,17.78373363151,46.353664556551
00092,9284,17.783635292399,46.353702465509
00092,9285,17.783548124259,46.353748864114
00092,9286,17.783480229638,46.353804546114
00092,9287,17.783440629801,46.353865746705
00092,9288,17.783429406964,46.353928952329
00092,9289,17.783444229011,46.353989708575
00092,9290,17.78348766314,46.354042420994
00092,9291,17.783549264728,46.35408226305
00092,9292,17.783630673999,46.354108550194
00092,9293,17.783729419083,46.354122801067
00092,9294,17.783842983751,46.354128431644
00092,9295,17.784533221649,46.354131032708
00092,9296,17.784972379541,46.354139464589
00092,9297,17.785272962781,46.354135167696
00092,9298,17.785417060109,46.35412005139
00092,9299,17.785554002738,46.354098317858
00092,9300,17.785690618716,46.354055774632
00092,9301,17.785826758685,46.353998816446
00092,9302,17.786235074673,46.353797504145
00092,9303,17.78638116433,46.35373172974
00092,9304,17.786535961645,46.35367561197
00092,9305,17.786699402777,46.353631891398
00092,9306,17.787225400041,46.353538029255
00092,9307,17.787902735118,46.353431797135
00092,9308,17.788556558651,46.353323752125
00092,9309,17.790260128929,46.35301893124
00092,9310,17.790706884164,46.352944694225
00092,9311,17.791196837909,46.35286362655
00092,9312,17.791314426906,46.35283576612
00092,9313,17.791413833743,46.35278654575
00092,9314,17.791466490631,46.352722184275
00092,9315,17.791476989883,46.352654752504
00092,9316,17.79144934373,46.352586333545
00092,9317,17.791409501482,46.352518551922
00092,9318,17.791208394244,46.352226365329
00092,9319,17.79091375967,46.35183536278
00092,9320,17.790861231125,46.351789370075
00092,9321,17.790797460617,46.351737910021
00092,9322,17.790739185498,46.351694594528
00092,9323,17.79055722223,46.351592262573
00092,9324,17.790495647727,46.351551159455
00092,9325,17.790449529794,46.351508893093
00092,9326,17.790428097852,46.351487637462
00092,9327,17.790428097852,46.351487637462
00092,9328,17.790394002804,46.351452182654
00092,9329,17.790361613208,46.351413232346
00092,9330,17.790331989243,46.351360114274
00092,9331,17.790287090253,46.351300359213
00092,9332,17.790243529179,46.351252919806
00092,9333,17.790177518735,46.351193069901
00092,9334,17.7900160494,46.351047666884
00092,9335,17.789884794125,46.350930013708
00092,9336,17.789723522491,46.350776177656
00092,9337,17.789556519773,46.350624386134
00092,9338,17.789273481305,46.350364107369
00092,9339,17.788746332351,46.349880954748
00092,9340,17.788327807251,46.349476120773
00092,9341,17.788045309412,46.349228005027
00092,9342,17.787870296104,46.34907190404
00092,9343,17.787721093734,46.34888846714
00092,9344,17.787658683317,46.348813754431
00092,9345,17.787623228584,46.348732243568
00092,9346,17.787616272857,46.348647396034
00092,9347,17.787639163457,46.348466514295
00092,9348,17.787680049738,46.348279999539
00092,9349,17.787742168936,46.348088309656
00092,9350,17.787815649772,46.347896887251
00092,9351,17.787931759749,46.347618359592
00092,9352,17.788045889811,46.347355062657
00092,9353,17.78812532952,46.347186621197
00092,9354,17.78815899097,46.347101032419
00092,9355,17.788224345049,46.346735410576
00092,9356,17.788236816985,46.346548508046
00092,9357,17.788235638011,46.34645964826
00092,9358,17.788224655408,46.346373350008
00092,9359,17.78820142241,46.346290077991
00092,9360,17.788167554458,46.346210201694
00092,9361,17.788120639148,46.346132710101
00092,9362,17.788057352485,46.346060869701
00092,9363,17.787977635599,46.345997210247
00092,9364,17.787802529776,46.345880400168
00092,9365,17.787639575197,46.345764850221
00092,9366,17.787441909735,46.34564054762
00092,9367,17.787404928203,46.345624670525
00092,9368,17.787404928203,46.345624670525
00092,9369,17.787413784068,46.345627932546
00092,9370,17.78735110113,46.345565095608
00092,9371,17.78713525246,46.345315191772
00092,9372,17.787087468679,46.345240220463
00092,9373,17.787048869981,46.345154386561
00092,9374,17.787024168093,46.345064560885
00092,9375,17.787019097726,46.344968558273
00092,9376,17.787034405032,46.344869198671
00092,9377,17.787065150533,46.344769379039
00092,9378,17.787114541886,46.344670822181
00092,9379,17.787185030653,46.344572852577
00092,9380,17.787268479478,46.344476222719
00092,9381,17.787573287057,46.344183708036
00092,9382,17.787777790851,46.343979340318
00092,9383,17.787869615435,46.343871627503
00092,9384,17.787951751036,46.343761557101
00092,9385,17.788025832653,46.343648655365
00092,9386,17.788441908356,46.342970786146
00092,9387,17.788708892705,46.342523559606
00092,9388,17.788973066302,46.342092256956
00092,9389,17.789085618292,46.341896068591
00092,9390,17.78915366148,46.341728413153
00092,9391,17.789207945999,46.341628644862
00092,9392,17.789207945999,46.341628644862
00092,9393,17.78919310458,46.341638390117
00092,9394,17.789220744616,46.341602007203
00092,9395,17.789285407158,46.341544739577
00092,9396,17.789324554948,46.341502299542
00092,9397,17.789363208079,46.341446217712
00092,9398,17.789482097368,46.341256706968
00092,9399,17.78964185613,46.341020487492
00092,9400,17.789812829069,46.340755855165
00092,9401,17.789871039198,46.340661753576
00092,9402,17.789922848648,46.340563574036
00092,9403,17.789968182284,46.340464549053
00092,9404,17.790001405634,46.340362577383
00092,9405,17.790023322286,46.340258019446
00092,9406,17.790029859127,46.340151462431
00092,9407,17.790020995007,46.340043819873
00092,9408,17.789998327262,46.339936234224
00092,9409,17.789960235862,46.339828546823
00092,9410,17.789907445993,46.339724491114
00092,9411,17.789708844276,46.33943169677
00092,9412,17.789662478468,46.339330735078
00092,9413,17.78963163773,46.339225518313
00092,9414,17.789619521303,46.339118120592
00092,9415,17.789626104563,46.339009595998
00092,9416,17.789653755426,46.338902852838
00092,9417,17.789701639217,46.338798865845
00092,9418,17.790212579535,46.338019074456
00092,9419,17.790260025368,46.337933849793
00092,9420,17.790321039146,46.33778881906
00092,9421,17.790365095883,46.337709671794
00092,9422,17.790368043688,46.337687633611
00092,9423,17.790368043688,46.337687633611
00092,9424,17.790375778144,46.337669233592
00092,9425,17.790513428247,46.337510366696
00092,9426,17.790549715826,46.337451095094
00092,9427,17.790606248738,46.33732414908
00092,9428,17.790629869704,46.337250959401
00092,9429,17.790667789649,46.337086481875
00092,9430,17.790687333761,46.336909217578
00092,9431,17.790687723683,46.336822554389
00092,9432,17.790672404561,46.336643284758
00092,9433,17.79065742884,46.336554060408
00092,9434,17.790616527828,46.336392640377
00092,9435,17.790379561248,46.335689980349
00092,9436,17.790226233716,46.335301042993
00092,9437,17.790080201506,46.334912678815
00092,9438,17.790027903024,46.33478768221
00092,9439,17.790027903024,46.33478768221
00092,9440,17.790030236587,46.334792066218
00092,9441,17.789953463492,46.33456747684
00092,9442,17.789779255382,46.33409922968
00092,9443,17.789650224183,46.333713163279
00092,9444,17.78932919189,46.332856400972
00092,9445,17.789160375791,46.332436010148
00092,9446,17.789092930086,46.332229518491
00092,9447,17.789073425512,46.332125763618
00092,9448,17.789070975488,46.332021707104
00092,9449,17.789095355737,46.33181117964
00092,9450,17.789344116987,46.330644050172
00092,9451,17.789354344075,46.330553349686
00092,9452,17.789354307704,46.330415299791
00092,9453,17.789367507993,46.330336370915
00092,9454,17.789377082201,46.33030864295
00092,9455,17.789377082201,46.33030864295
00092,9456,17.78938502023,46.330281459042
00092,9457,17.78942062668,46.330216416491
00092,9458,17.789440416576,46.330168277868
00092,9459,17.789457238071,46.33010815682
00092,9460,17.789468396701,46.33004719938
00092,9461,17.789492247333,46.32982443552
00092,9462,17.789498311743,46.329738187131
00092,9463,17.789494670366,46.329650424624
00092,9464,17.789476272917,46.329464161781
00092,9465,17.789461495643,46.329366574976
00092,9466,17.789420875624,46.329158555376
00092,9467,17.789289008772,46.328580916737
00092,9468,17.789167223633,46.328093431914
00092,9469,17.789005631845,46.327398076853
00092,9470,17.788945173851,46.327170646418
00092,9471,17.788907193303,46.327058672172
00092,9472,17.78886186203,46.326948654239
00092,9473,17.788801827565,46.326842619204
00092,9474,17.788727916191,46.32673994366
00092,9475,17.788107137563,46.326000166098
00092,9476,17.787912641978,46.325777633716
00092,9477,17.787700958093,46.325561305257
00092,9478,17.787591339142,46.325458510981
00092,9479,17.78728123656,46.325181405347
00092,9480,17.787149853584,46.325072181765
00092,9481,17.787103557852,46.325038627786
00092,9482,17.787103557852,46.325038627786
00092,9483,17.786860472032,46.324811684198
00092,9484,17.786552786715,46.324535657874
00092,9485,17.786387685235,46.324375798809
00092,9486,17.786306169102,46.324286321321
00092,9487,17.786228059605,46.324189993476
00092,9488,17.786154915769,46.324089574037
00092,9489,17.786089204706,46.323983684824
00092,9490,17.786032521439,46.323873538634
00092,9491,17.785630933897,46.322751994798
00092,9492,17.785494871419,46.322391430115
00092,9493,17.785442418642,46.322274020819
00092,9494,17.785213971766,46.321803120307
00092,9495,17.784976477077,46.321337530277
00092,9496,17.784924901813,46.321217389245
00092,9497,17.784879868884,46.321095142492
00092,9498,17.784847861305,46.320971214109
00092,9499,17.784824790804,46.320846893813
00092,9500,17.784809047637,46.320721601256
00092,9501,17.784792145388,46.320472093307
00092,9502,17.784775432266,46.320040606707
00092,9503,17.784775432266,46.320040606707
00092,9504,17.784780885564,46.319633056198
00092,9505,17.784801497547,46.319236711068
00092,9506,17.784906792172,46.318306759444
00092,9507,17.784916116612,46.318185402835
00092,9508,17.784961800166,46.317236226852
00092,9509,17.785030002347,46.316365325059
00092,9510,17.785043846856,46.31622412704
00092,9511,17.785081207696,46.31594458066
00092,9512,17.78510714977,46.31580661092
00092,9513,17.785143578311,46.315671359372
00092,9514,17.785192107699,46.315539195541
00092,9515,17.785248722216,46.315408317184
00092,9516,17.785557166051,46.314779372955
00092,9517,17.78560554287,46.314653673941
00092,9518,17.785644226346,46.31452603883
00092,9519,17.785922473752,46.313381881832
00092,9520,17.786034665448,46.312850972732
00092,9521,17.786041851144,46.312751592921
00092,9522,17.786041851144,46.312751592921
00092,9523,17.786032948319,46.312750579489
00092,9524,17.78607361894,46.312607221575
00092,9525,17.78610182858,46.312476235771
00092,9526,17.786212935758,46.311887254951
00092,9527,17.78628909734,46.311404864206
00092,9528,17.786359287438,46.311039369029
00092,9529,17.786534470912,46.309963855493
00092,9530,17.786601940798,46.309471175362
00092,9531,17.78661370349,46.309349424293
00092,9532,17.786606576954,46.309237372729
00092,9533,17.786583922471,46.309130067696
00092,9534,17.786544937087,46.309027148747
00092,9535,17.786488757261,46.308930855479
00092,9536,17.786416030533,46.308848224101
00092,9537,17.78631288095,46.308782754347
00092,9538,17.786187473172,46.308732288249
00092,9539,17.786042158923,46.308700366558
00092,9540,17.785565682433,46.30863781527
00092,9541,17.785077404288,46.30855945508
00092,9542,17.784190291306,46.308394944922
00092,9543,17.784079045362,46.30836361351
00092,9544,17.783975400753,46.308319504168
00092,9545,17.78388175508,46.308264190182
00092,9546,17.783620701916,46.308080757718
00092,9547,17.783522830263,46.308032706178
00092,9548,17.78342066636,46.30799472815
00092,9549,17.783072114199,46.307909843294
00092,9550,17.78301057876,46.307904162152
00092,9551,17.782981275015,46.307908120979
00092,9552,17.782928050418,46.307928751213
00092,9553,17.782882719492,46.307958818581
00092,9554,17.782790930914,46.308067159526
00092,9555,17.782628365445,46.308287450995
00092,9556,17.782572430553,46.308354582596
00092,9557,17.782572430553,46.308354582596
00092,9558,17.782578217481,46.308350008423
00092,9559,17.782473851971,46.308475639847
00092,9560,17.782403109088,46.308586114605
00092,9561,17.78233164799,46.308727297973
00092,9562,17.78226758245,46.308899210769
00092,9563,17.78222916856,46.309084555806
00092,9564,17.782134831328,46.309683491635
00092,9565,17.782071258869,46.310042451509
00092,9566,17.782034285811,46.310304920795
00092,9567,17.781990143652,46.310700438783
00092,9568,17.7819195005,46.311084061286
00092,9569,17.781861907534,46.311360708408
00092,9570,17.781788215216,46.311631762351
00092,9571,17.781755293051,46.311720941994
00092,9572,17.781676510811,46.311897328383
00092,9573,17.781581578223,46.312070299951
00092,9574,17.781481092694,46.312237796731
00092,9575,17.781379210887,46.312395577723
00092,9576,17.781276205803,46.31253197785
00092,9577,17.781136970986,46.312690744707
00092,9578,17.780963753514,46.312845193222
00092,9579,17.780774856076,46.313045434889
00092,9580,17.780666134427,46.31314859335
00092,9581,17.780469938144,46.313348541612
00092,9582,17.780349806189,46.313453750479
00092,9583,17.780267732219,46.313562479973
00092,9584,17.780182065475,46.313686000201
00092,9585,17.7801545389,46.313717883457
00092,9586,17.780123097347,46.313743677734
00092,9587,17.78008776222,46.3137624695
00092,9588,17.780048526942,46.313774539836
00092,9589,17.780002969153,46.313779369462
00092,9590,17.779960868891,46.313775170548
00092,9591,17.779927860817,46.313763904309
00092,9592,17.779871883178,46.31372855136
00092,9593,17.779854586114,46.313704809626
00092,9594,17.779844623658,46.313679744598
00092,9595,17.779842751128,46.313655754635
00092,9596,17.779847281717,46.313635562073
00092,9597,17.779857441987,46.313617541541
00092,9598,17.779857441987,46.313617541541
00092,9599,17.779878170491,46.31359872612
00092,9600,17.77990287315,46.313583469901
00092,9601,17.779963480176,46.313559760999
00092,9602,17.780177792114,46.313521965526
00092,9603,17.780232515827,46.313506906277
00092,9604,17.780286668477,46.313481578239
00092,9605,17.780334557819,46.313446479722
00092,9606,17.780530239973,46.313268526679
00092,9607,17.781114381718,46.312685078517
00092,9608,17.781265224441,46.312515758045
00092,9609,17.781358086428,46.312396675879
00092,9610,17.781486930331,46.312196391221
00092,9611,17.781657224432,46.311889239252
00092,9612,17.781756184636,46.311648131583
00092,9613,17.781806356707,46.311480631782
00092,9614,17.781970272612,46.310717366368
00092,9615,17.781980788868,46.310545274028
00092,9616,17.782043688126,46.31004164985
00092,9617,17.782138588459,46.309453404462
00092,9618,17.782229165276,46.308945873664
00092,9619,17.782252230353,46.308861714412
00092,9620,17.782281793361,46.308777276669
00092,9621,17.782361174988,46.308609682946
00092,9622,17.782406789598,46.308532805847
00092,9623,17.782519080525,46.308380553273
00092,9624,17.782519080525,46.308380553273
00092,9625,17.782511669511,46.3083851795
00092,9626,17.782743031487,46.308102961787
00092,9627,17.782836871253,46.307976298224
00092,9628,17.782871582578,46.307914551496
00092,9629,17.782893293119,46.307853572616
00092,9630,17.782919335465,46.307711387167
00092,9631,17.782927209411,46.307686944345
00092,9632,17.782940035978,46.307658902029
00092,9633,17.782959844841,46.307644574323
00092,9634,17.782959844841,46.307644574323
00092,9635,17.782974653453,46.307635883983
00092,9636,17.783096490932,46.307352717562
00092,9637,17.783258747024,46.307006532729
00092,9638,17.783294015378,46.306920893558
00092,9639,17.783349434545,46.306736793389
00092,9640,17.78338945549,46.306551887835
00092,9641,17.783410689176,46.306372324401
00092,9642,17.78341347495,46.306287796863
00092,9643,17.783406263193,46.306144957095
00092,9644,17.783384967564,46.306014541214
00092,9645,17.783384967564,46.306014541214
00092,9646,17.78338250022,46.305911749648
00092,9647,17.783348402253,46.30566942913
00092,9648,17.783291202165,46.305374061651
00092,9649,17.783271073365,46.30529792267
00092,9650,17.783243578424,46.305224512628
00092,9651,17.783199784653,46.305154153024
00092,9652,17.78313728487,46.305085692186
00092,9653,17.783061758955,46.305019123536
00092,9654,17.782880707695,46.304885087045
00092,9655,17.782804505865,46.304812746855
00092,9656,17.782723351863,46.304744006098
00092,9657,17.782655416442,46.304665151344
00092,9658,17.782594027992,46.304583909901
00092,9659,17.782540854796,46.304498332392
00092,9660,17.782441244556,46.304316709437
00092,9661,17.782248653292,46.303947633339
00092,9662,17.782206202008,46.303854655044
00092,9663,17.782131058289,46.303667753658
00092,9664,17.781949824461,46.303090746349
00092,9665,17.78178900352,46.302543068092
00092,9666,17.78176962257,46.302504472052
00092,9667,17.781750668211,46.302482328647
00092,9668,17.781733876085,46.302471807371
00092,9669,17.781709691769,46.302465139278
00092,9670,17.781656945374,46.302465530719