SH9V00211,21101,17.79023385905,46.367596728414
SH9V00211,21102,17.790274011791,46.367581712125
SH9V00211,21103,17.790426182928,46.367640061868
SH9V00211,21104,17.79050603094,46.367664639442
SH9V00211,21105,17.790596542622,46.367684766925
SH9V00211,21106,17.790966341624,46.367746313868
SH9V00211,21107,17.791443145698,46.367817415677
SH9V00211,21108,17.791607571461,46.367837873332
SH9V00211,21109,17.791896988971,46.367862885165
SH9V00211,21110,17.79211841948,46.367877228738
SH9V00211,21111,17.792360428607,46.367879921833
SH9V00211,21112,17.792372478128,46.367885749403
SH9V00211,21113,17.792372478128,46.367885749403
SH9V00211,21114,17.792388769297,46.36788382197
SH9V00211,21115,17.792421992447,46.367887354684
SH9V00211,21116,17.792605826284,46.367911611612
SH9V00211,21117,17.793055971112,46.367941501175
SH9V00211,21118,17.794214634844,46.367998944408
SH9V00211,21119,17.794532058785,46.368007320728
SH9V00211,21120,17.794855397199,46.368005850939
SH9V00211,21121,17.795188087186,46.367986419509
SH9V00211,21122,17.795359096462,46.367968214965
SH9V00211,21123,17.795707950008,46.367917260632
SH9V00211,21124,17.797534396326,46.367691358988
SH9V00211,21125,17.797625705102,46.367677117834
SH9V00211,21126,17.797766078241,46.367648799892
SH9V00211,21127,17.797766078241,46.367648799892
SH9V00211,21128,17.797762797318,46.367650169342
SH9V00211,21129,17.797952403571,46.367635611138
SH9V00211,21130,17.79838993788,46.367578461318
SH9V00211,21131,17.798452089925,46.367560452416
SH9V00211,21132,17.798499937332,46.367528719127
SH9V00211,21133,17.798535031249,46.367486441691
SH9V00211,21134,17.798564666022,46.367434333495
SH9V00211,21135,17.798624456481,46.367307559768
SH9V00211,21136,17.798715169936,46.367072881807
SH9V00211,21137,17.798921629169,46.366574702746
SH9V00211,21138,17.799124606624,46.366121610982
SH9V00211,21139,17.799464134723,46.365312746019
SH9V00211,21140,17.799555500807,46.365084681961
SH9V00211,21141,17.799671881753,46.364828567729
SH9V00211,21142,17.79978901648,46.364610137142
SH9V00211,21143,17.799823258538,46.364534251328
SH9V00211,21144,17.799852469214,46.364465198265
SH9V00211,21145,17.799861669829,46.364418486933
SH9V00211,21146,17.799865331956,46.364365388244
SH9V00211,21147,17.799875877746,46.364330781661
SH9V00211,21148,17.799875877746,46.364330781661
SH9V00211,21149,17.79987259059,46.36433243226
SH9V00211,21150,17.799995826449,46.364060718905
SH9V00211,21151,17.800457037771,46.362975692469
SH9V00211,21152,17.800536411441,46.362809420569
SH9V00211,21153,17.800763493308,46.362296073115
SH9V00211,21154,17.800796777923,46.362226361975
SH9V00211,21155,17.800878663587,46.362091958963
SH9V00211,21156,17.800914330536,46.362024593692
SH9V00211,21157,17.801046170242,46.361731536007
SH9V00211,21158,17.801272727164,46.361205318806
SH9V00211,21159,17.801296994106,46.361139162972
SH9V00211,21160,17.801318107367,46.360998394694
SH9V00211,21161,17.801342550698,46.360924579202
SH9V00211,21162,17.801312545262,46.360922560715
SH9V00211,21163,17.801316018426,46.360912828793
SH9V00211,21164,17.801308848023,46.360906774924
SH9V00211,21165,17.801308848023,46.360906774924
SH9V00211,21166,17.801334037508,46.360871064809
SH9V00211,21167,17.801410648371,46.360789180029
SH9V00211,21168,17.801431683776,46.360757500814
SH9V00211,21169,17.801459958525,46.360693638507
SH9V00211,21170,17.80150609753,46.360559472774
SH9V00211,21171,17.801536053481,46.360528384119
SH9V00211,21172,17.80156156723,46.360513834802
SH9V00211,21173,17.801598384222,46.360502221939
SH9V00211,21174,17.801695229427,46.360493872867
SH9V00211,21175,17.802019247342,46.360496186222
SH9V00211,21176,17.802182582753,46.360492647773
SH9V00211,21177,17.80235968782,46.36052602272
SH9V00211,21178,17.802600668336,46.360501410388
SH9V00211,21179,17.80273400009,46.360495782717
SH9V00211,21180,17.803242363584,46.360499213188
SH9V00211,21181,17.803341901638,46.360479716323
SH9V00211,21182,17.80338768935,46.3605018004
SH9V00211,21183,17.803431883487,46.360487245855
SH9V00211,21184,17.803472311853,46.360459856998
SH9V00211,21185,17.803540270248,46.360259647807
SH9V00211,21186,17.803538546837,46.360193345447
SH9V00211,21187,17.803546741997,46.360119561176
SH9V00211,21188,17.803580623868,46.359953066709
SH9V00211,21189,17.803627623748,46.359675307465
SH9V00211,21190,17.803735966266,46.358919902154
SH9V00211,21191,17.803750293092,46.358862000719
SH9V00211,21192,17.803736374749,46.358760910978
SH9V00211,21193,17.803738554756,46.358736755305
SH9V00211,21194,17.803738554756,46.358736755305
SH9V00211,21195,17.803766957748,46.358737771429
SH9V00211,21196,17.803807699258,46.358661393888
SH9V00211,21197,17.803810490205,46.358610675382
SH9V00211,21198,17.803828737733,46.358558862104
SH9V00211,21199,17.803836573435,46.358500678212
SH9V00211,21200,17.803861536486,46.358439379561
SH9V00211,21201,17.803880137864,46.358372176698
SH9V00211,21202,17.804004536428,46.357907175128
SH9V00211,21203,17.804019324891,46.357829175858
SH9V00211,21204,17.804018406473,46.357763163554
SH9V00211,21205,17.804003545751,46.357703042451
SH9V00211,21206,17.803978923771,46.357643586907
SH9V00211,21207,17.803924294288,46.357546968591
SH9V00211,21208,17.803900649904,46.357515639752
SH9V00211,21209,17.80386798351,46.357488147653
SH9V00211,21210,17.803823066681,46.357463613206
SH9V00211,21211,17.803765068074,46.357442870707
SH9V00211,21212,17.803700394437,46.357429856736
SH9V00211,21213,17.803536726859,46.357412939261
SH9V00211,21214,17.803033179838,46.357342646982
SH9V00211,21215,17.802678439888,46.357299791421
SH9V00211,21216,17.802418703571,46.357293058274
SH9V00211,21217,17.802176942469,46.357246387493
SH9V00211,21218,17.80183039944,46.357200316138
SH9V00211,21219,17.801707196372,46.357189676992
SH9V00211,21220,17.801589777408,46.357174743638
SH9V00211,21221,17.801350528485,46.357160080728
SH9V00211,21222,17.801243392955,46.357157069341
SH9V00211,21223,17.80107846632,46.357159604673
SH9V00211,21224,17.800976358035,46.357149900762
SH9V00211,21225,17.800952583344,46.357194764098
SH9V00211,21226,17.800952583344,46.357194764098
SH9V00211,21227,17.800960954298,46.357219176929
SH9V00211,21228,17.800896155235,46.357211642567
SH9V00211,21229,17.800630941571,46.357160702693
SH9V00211,21230,17.800541835932,46.357150650114
SH9V00211,21231,17.799939514196,46.357102447466
SH9V00211,21232,17.79956112143,46.357064100124
SH9V00211,21233,17.799288672818,46.357045199513
SH9V00211,21234,17.798919957773,46.35700983901
SH9V00211,21235,17.79868836028,46.356980423974
SH9V00211,21236,17.798462703148,46.356939968441
SH9V00211,21237,17.798237736536,46.356904791847
SH9V00211,21238,17.797663025957,46.356821737873
SH9V00211,21239,17.797519642879,46.356805809618
SH9V00211,21240,17.797310415927,46.356792454919
SH9V00211,21241,17.797266715468,46.356785714666
SH9V00211,21242,17.797105176232,46.356747162109
SH9V00211,21243,17.797044509497,46.356736578581
SH9V00211,21244,17.79697644915,46.356729638405
SH9V00211,21245,17.796415277754,46.356693400699
SH9V00211,21246,17.796191132425,46.356693022645
SH9V00211,21247,17.79605295883,46.356697674991
SH9V00211,21248,17.795990279748,46.356703867867
SH9V00211,21249,17.795775554202,46.356752655923
SH9V00211,21250,17.795726712251,46.356757526142
SH9V00211,21251,17.795624366524,46.356758147362
SH9V00211,21252,17.795414585352,46.356768751872
SH9V00211,21253,17.795414585352,46.356768751872
SH9V00211,21254,17.795369342619,46.35675847926
SH9V00211,21255,17.795289910351,46.356751622676
SH9V00211,21256,17.79522435765,46.356741616525
SH9V00211,21257,17.795075150286,46.35673173571
SH9V00211,21258,17.79493134823,46.356733934319
SH9V00211,21259,17.794663064677,46.3567457152
SH9V00211,21260,17.794430920202,46.356740043331
SH9V00211,21261,17.794367932161,46.356724512266
SH9V00211,21262,17.794337478916,46.356706882541
SH9V00211,21263,17.794317690073,46.356684661881
SH9V00211,21264,17.794306918939,46.356658816053
SH9V00211,21265,17.794302788306,46.356626788205
SH9V00211,21266,17.794312650193,46.356481608368
SH9V00211,21267,17.794507016832,46.355523958182
SH9V00211,21268,17.794565423691,46.355211394911
SH9V00211,21269,17.794646439228,46.354834345718
SH9V00211,21270,17.794728378822,46.354382307341
SH9V00211,21271,17.794777132247,46.354135779639
SH9V00211,21272,17.794842127314,46.353819142358
SH9V00211,21273,17.794852076009,46.353740246932
SH9V00211,21274,17.794872828407,46.353650717143
SH9V00211,21275,17.794892742796,46.353562302683
SH9V00211,21276,17.794904211342,46.353452847996
SH9V00211,21277,17.794900995047,46.353416402064
SH9V00211,21278,17.794885619879,46.353378977596
SH9V00211,21279,17.794852234942,46.353347749464
SH9V00211,21280,17.79480328896,46.353322182533
SH9V00211,21281,17.794738684261,46.353306493096
SH9V00211,21282,17.794669040554,46.353297987509
SH9V00211,21283,17.794536056213,46.353289340455
SH9V00211,21284,17.794335510588,46.353287463515
SH9V00211,21285,17.794133719834,46.353304269517
SH9V00211,21286,17.793863130429,46.353346177084
SH9V00211,21287,17.793773548444,46.353356989911
SH9V00211,21288,17.793711000055,46.353357700313
SH9V00211,21289,17.793664081311,46.353349798209
SH9V00211,21290,17.793629521846,46.353334231317
SH9V00211,21291,17.793597572432,46.353311172406
SH9V00211,21292,17.793527972513,46.353265764352
SH9V00211,21293,17.793501502727,46.353251552594
SH9V00211,21294,17.793483791027,46.35324488896
SH9V00211,21295,17.793432693991,46.353242071465
SH9V00211,21296,17.793400066757,46.353248245598
SH9V00211,21297,17.793363239897,46.353260417957
SH9V00211,21298,17.793243318237,46.353318830727
SH9V00211,21299,17.793187648235,46.353338103611
SH9V00211,21300,17.792686541744,46.353444781991
SH9V00211,21301,17.792597611442,46.353462489562
SH9V00211,21302,17.792543891017,46.353467725826