00247,24701,17.792090349527,46.353484397354
00247,24702,17.791931522534,46.353504489316
00247,24703,17.791649993887,46.353562717677
00247,24704,17.791609940049,46.353573939763
00247,24705,17.791572196215,46.353590599894
00247,24706,17.791537605281,46.353611371949
00247,24707,17.791493266657,46.353632246298
00247,24708,17.791441733545,46.353648190486
00247,24709,17.790974179659,46.353743566896
00247,24710,17.790368865709,46.353860952948
00247,24711,17.789672671659,46.353974932308
00247,24712,17.789267710896,46.35403255118
00247,24713,17.789109653901,46.354054334754
00247,24714,17.78899557695,46.354070704554
00247,24715,17.788917285844,46.354084802607
00247,24716,17.788882924194,46.354095665523
00247,24717,17.788848371161,46.354114750231
00247,24718,17.788828375135,46.354136457555
00247,24719,17.788813715661,46.354173125932
00247,24720,17.788813049937,46.35420172656
00247,24721,17.788823405767,46.354245281406
00247,24722,17.788848634995,46.354312760295
00247,24723,17.788858008862,46.354363614345
00247,24724,17.788850303224,46.354415542994
00247,24725,17.788819905,46.354465461117
00247,24726,17.788761793815,46.354519709058
00247,24727,17.788668367401,46.354555990253
00247,24728,17.788588680725,46.354560231898
00247,24729,17.788509345796,46.354549365049
00247,24730,17.788434512221,46.354519570079
00247,24731,17.788346725503,46.354453149883
00247,24732,17.78825511535,46.354411429031
00247,24733,17.788164600554,46.35439242403
00247,24734,17.78804542518,46.354383572098
00247,24735,17.787933067602,46.354395812923
00247,24736,17.787813149065,46.354418864144
00247,24737,17.787428313421,46.354518734748
00247,24738,17.787296173163,46.354543476407
00247,24739,17.787158465696,46.354563165098
00247,24740,17.787015978393,46.354578863952
00247,24741,17.786728718539,46.354603768885
00247,24742,17.786588832236,46.35461239698
00247,24743,17.786318967964,46.35462266416
00247,24744,17.785918374376,46.354631960353
00247,24745,17.785545021572,46.354657164363
00247,24746,17.785422290056,46.354661484412
00247,24747,17.785192512474,46.354659193842
00247,24748,17.785099861032,46.354662163268
00247,24749,17.784827551649,46.354742338194
00247,24750,17.784819133553,46.354789830358
00247,24751,17.784819420058,46.354847120021
00247,24752,17.784835785076,46.354980995076
00247,24753,17.784878234364,46.355180321121
00247,24754,17.784882421376,46.355244472596
00247,24755,17.784885937023,46.355372158832
00247,24756,17.784866498177,46.355404696397
00247,24757,17.784866498177,46.355404696397
00247,24758,17.784879431513,46.355407301353
00247,24759,17.784850547295,46.355531321206
00247,24760,17.784845519555,46.355572736092
00247,24761,17.784846887124,46.355618510279
00247,24762,17.784864483383,46.355664887904
00247,24763,17.784900860656,46.355706906934
00247,24764,17.78495209552,46.355738689348
00247,24765,17.78501093804,46.355757693809
00247,24766,17.785073312137,46.355764577579
00247,24767,17.78513431339,46.355760691559
00247,24768,17.785191561754,46.355743619245
00247,24769,17.785240971307,46.355714439555
00247,24770,17.785274419479,46.355673202169
00247,24771,17.785289395053,46.35562311234
00247,24772,17.785287457949,46.35556692885
00247,24773,17.785274234283,46.355507174821
00247,24774,17.785137442109,46.355070055799
00247,24775,17.784730422034,46.353719864792
00247,24776,17.784691423874,46.353651035808
00247,24777,17.784629436727,46.35359291463
00247,24778,17.784541867393,46.353552220029
00247,24779,17.784438314139,46.353535244981
00247,24780,17.784330135166,46.35354246812
00247,24781,17.783780697871,46.353631344719
00247,24782,17.783665580014,46.353657467805
00247,24783,17.783554243946,46.353695512195
00247,24784,17.783457937903,46.353750664871
00247,24785,17.78339452197,46.353823196367
00247,24786,17.783369156745,46.353900793518
00247,24787,17.783374109413,46.353966851483
00247,24788,17.783396722288,46.354076476429
00247,24789,17.783390365453,46.354105224133
00247,24790,17.783366933996,46.354134834791
00247,24791,17.783323291984,46.35416049351
00247,24792,17.783255509664,46.35417660329
00247,24793,17.783166762375,46.354186292452
00247,24794,17.782754193406,46.35422159106
00247,24795,17.781935024463,46.35431467332
00247,24796,17.781379835347,46.354371210628
00247,24797,17.781249670279,46.354380855021
00247,24798,17.781121477862,46.354375619898
00247,24799,17.780996047065,46.354356498187
00247,24800,17.780872584184,46.35432270779
00247,24801,17.780626765478,46.354242557079
00247,24802,17.7803766838,46.354171073909
00247,24803,17.778993535481,46.353829658868
00247,24804,17.77858478774,46.35373670557
00247,24805,17.77858478774,46.35373670557
00247,24806,17.778118182079,46.35361765447
00247,24807,17.777176229058,46.353406228523
00247,24808,17.776582307992,46.353279551235
00247,24809,17.776286648105,46.353212746702
00247,24810,17.775538672484,46.353041309545
00247,24811,17.774959639396,46.352903474821
00247,24812,17.774701121765,46.352845941783
00247,24813,17.774298609223,46.352764711357
00247,24814,17.774298609223,46.352764711357
00247,24815,17.774264639254,46.352758845181
00247,24816,17.773923963302,46.352672688334
00247,24817,17.773612998527,46.352600853845
00247,24818,17.77184520476,46.352216344836
00247,24819,17.771327937793,46.352111664092
00247,24820,17.771327937793,46.352111664092
00247,24821,17.771261621409,46.352100018591
00247,24822,17.771172828083,46.352077293947
00247,24823,17.770882525438,46.351990503
00247,24824,17.770685547604,46.351940897226
00247,24825,17.77058154997,46.351908651348
00247,24826,17.770474515739,46.351867444113
00247,24827,17.770370046715,46.35182078318
00247,24828,17.770267317783,46.351769221534
00247,24829,17.770173775174,46.351706939135
00247,24830,17.770094290095,46.351633991186
00247,24831,17.770029612979,46.35155298696
00247,24832,17.769980578891,46.351462951878
00247,24833,17.769944652591,46.35136807466
00247,24834,17.769918535125,46.351270496945
00247,24835,17.769668575705,46.350198337889
00247,24836,17.769495161335,46.349495578005
00247,24837,17.769336633319,46.348781599535
00247,24838,17.769307561576,46.34867168737
00247,24839,17.769270209008,46.348568569781
00247,24840,17.769213937327,46.348475710969
00247,24841,17.769132157395,46.348397042754
00247,24842,17.769024797828,46.348335586754
00247,24843,17.768898324875,46.348292611154
00247,24844,17.768761660089,46.348268568515
00247,24845,17.768619635997,46.348265130287
00247,24846,17.768482163715,46.348275239257
00247,24847,17.768358085,46.34830272113
00247,24848,17.76814629094,46.348365196369
00247,24849,17.767927495979,46.348414658349
00247,24850,17.767927494316,46.34841472862
00247,24851,17.767780194936,46.348428310034
00247,24852,17.767618186346,46.348445801144
00247,24853,17.765707011046,46.348807807662
00247,24854,17.765397981607,46.348861229652
00247,24855,17.765240741911,46.348882989018
00247,24856,17.765083647061,46.348898634548
00247,24857,17.764926748773,46.34890598783
00247,24858,17.764774037892,46.348907976167
00247,24859,17.764624684305,46.348905363326
00247,24860,17.764481165195,46.348896420246
00247,24861,17.764342733812,46.348878397123
00247,24862,17.764211912393,46.348847667581
00247,24863,17.764088682672,46.34880500463
00247,24864,17.763972141165,46.348754263984
00247,24865,17.763859834105,46.348696190925
00247,24866,17.763753378484,46.348631085036
00247,24867,17.763660055651,46.34856008359
00247,24868,17.76357986058,46.348483397436
00247,24869,17.763515230351,46.348400984061
00247,24870,17.763462934348,46.3483121038
00247,24871,17.763423772658,46.348217257816
00247,24872,17.763391167322,46.348119885736
00247,24873,17.763307629083,46.347773667833
00247,24874,17.763279639742,46.347687102721
00247,24875,17.763280005176,46.347671713281
00247,24876,17.763280006845,46.34767164301
00247,24877,17.763294659292,46.347533337759
00247,24878,17.763297082951,46.347397072239
00247,24879,17.763285763555,46.347018851163
00247,24880,17.763285142795,46.346908206976
00247,24881,17.763283169602,46.346751928907
00247,24882,17.763283169602,46.346751928907
00247,24883,17.763283169602,46.346751928907
00247,24884,17.763280711666,46.346445083248
00247,24885,17.763276868808,46.346059777718
00247,24886,17.763274798061,46.345873414247
00247,24887,17.763272218411,46.345640090987
00247,24888,17.763269705513,46.345540742014
00247,24889,17.763260411465,46.345453405758
00247,24890,17.763231922868,46.345319529498
00247,24891,17.763221824696,46.345197671487
00247,24892,17.763221824696,46.345197671487
00247,24893,17.763260890472,46.345022882447
00247,24894,17.763266501081,46.344957576269
00247,24895,17.763250879084,46.343221787625
00247,24896,17.763253094361,46.342615558144
00247,24897,17.763246345615,46.342079095236
00247,24898,17.763232559861,46.341941590771
00247,24899,17.763231423709,46.341852660477
00247,24900,17.763231423709,46.341852660477
00247,24901,17.763232135311,46.341856886006
00247,24902,17.763246998241,46.341709656341
00247,24903,17.76325202052,46.341429746899
00247,24904,17.763253766503,46.340125177096
00247,24905,17.763259326005,46.339549070106
00247,24906,17.763264302905,46.339476235665
00247,24907,17.763292206187,46.339429458945
00247,24908,17.763344141141,46.339396381408
00247,24909,17.76357444483,46.339305377578
00247,24910,17.763640344802,46.339265429906
00247,24911,17.763672282684,46.339219683106
00247,24912,17.763677356815,46.339176934045
00247,24913,17.763672410628,46.339145879664
00247,24914,17.763654776204,46.339102098819
00247,24915,17.763634461597,46.339068620135
00247,24916,17.763597910204,46.339035097126
00247,24917,17.763544888524,46.339011367768
00247,24918,17.76348267492,46.338998639579
00247,24919,17.76348267492,46.338998639579
00247,24920,17.763416077676,46.338999568052
00247,24921,17.763374417082,46.339010269718
00247,24922,17.763334912882,46.339032734425
00247,24923,17.763306333303,46.339073809928
00247,24924,17.763296870173,46.339130426478
00247,24925,17.763288856864,46.339604725019
00247,24926,17.763292445688,46.340342674401
00247,24927,17.763284348764,46.340683701442
00247,24928,17.76328339189,46.341373731335
00247,24929,17.763285300632,46.34190887386
00247,24930,17.763294446447,46.342036625393
00247,24931,17.763294446447,46.342036625393
00247,24932,17.763294524865,46.342033322637
00247,24933,17.763285270611,46.342183708973
00247,24934,17.763283507864,46.342702502331
00247,24935,17.76329888222,46.344722331625
00247,24936,17.763307215242,46.345055321909
00247,24937,17.763346528897,46.345246256665
00247,24938,17.7633480107,46.345320640795
00247,24939,17.7633480107,46.345320640795
00247,24940,17.763321565324,46.345408483784
00247,24941,17.763311351082,46.345462491069
00247,24942,17.763308065707,46.345600855471
00247,24943,17.763321366534,46.347058338114
00247,24944,17.763323109522,46.347155921063
00247,24945,17.763339621,46.347349688917
00247,24946,17.763339621,46.347349688917
00247,24947,17.763328997685,46.347489305284
00247,24948,17.763336535986,46.347616405921
00247,24949,17.763355567282,46.347772456517
00247,24950,17.763394941498,46.347960931786
00247,24951,17.763451253892,46.34815423909
00247,24952,17.763487963464,46.348249760046
00247,24953,17.763530497669,46.348339372626
00247,24954,17.763573470775,46.348410503807
00247,24955,17.763643560274,46.348502398221
00247,24956,17.763646170286,46.348529278877
00247,24957,17.763627628027,46.348557816543
00247,24958,17.763590462335,46.348584103738
00247,24959,17.763467078081,46.348650599361
00247,24960,17.763203737633,46.348831690992
00247,24961,17.763203737633,46.348831690992
00247,24962,17.763057103952,46.348919711413
00247,24963,17.762786471096,46.349100016134
00247,24964,17.762622007988,46.349220658508
00247,24965,17.762540814412,46.349288547658
00247,24966,17.762468410487,46.349362441315
00247,24967,17.762407188296,46.349444194308
00247,24968,17.762359603398,46.349532991155
00247,24969,17.76232973838,46.349627894336
00247,24970,17.762313570898,46.349727311631
00247,24971,17.762119733327,46.351357035623
00247,24972,17.762095572011,46.351587734645
00247,24973,17.762089707196,46.351697812935
00247,24974,17.76209285806,46.351804409178
00247,24975,17.762114810482,46.351905807366
00247,24976,17.762156473302,46.351997940999
00247,24977,17.762204163405,46.352075663479
00247,24978,17.762274925463,46.352207702248
00247,24979,17.762274925463,46.352207702248
00247,24980,17.762274193756,46.352204319967
00247,24981,17.762290966041,46.352250340493
00247,24982,17.762322326062,46.352400135394
00247,24983,17.762345172607,46.35246393833
00247,24984,17.762411386849,46.352616520281
00247,24985,17.76244264659,46.352702209109
00247,24986,17.762460913011,46.352787890449
00247,24987,17.762464473788,46.352877270189
00247,24988,17.762456593078,46.352969682623
00247,24989,17.762386846664,46.353409960434
00247,24990,17.762385645954,46.353460485589
00247,24991,17.762401793868,46.35349862645
00247,24992,17.762435247016,46.353526210068
00247,24993,17.762489254637,46.353543203159
00247,24994,17.762558901959,46.353551377249
00247,24995,17.762948987726,46.353574096775
00247,24996,17.764924690387,46.353717975578
00247,24997,17.764985810782,46.353709040904
00247,24998,17.765037553399,46.35368460595
00247,24999,17.765175112252,46.353568714919
00247,25000,17.765230323832,46.3535349707
00247,25001,17.765291013638,46.353509934463
00247,25002,17.765354722693,46.353494562307
00247,25003,17.765414090696,46.353491019843
00247,25004,17.76546599174,46.353494140339
00247,25005,17.765569533975,46.353511343611
00247,25006,17.765594078949,46.353503679806
00247,25007,17.765594078949,46.353503679806
00247,25008,17.765592927233,46.353518005957
00247,25009,17.765678371409,46.35354498464
00247,25010,17.765748828513,46.353587537967
00247,25011,17.765779124125,46.353611359294
00247,25012,17.76580121922,46.35363853164
00247,25013,17.765813519982,46.35366777167
00247,25014,17.765816113006,46.35369542527
00247,25015,17.76581063039,46.353721159537
00247,25016,17.765795430015,46.353745729003
00247,25017,17.76576648737,46.353767611823
00247,25018,17.765717338927,46.353785399005
00247,25019,17.765647319366,46.353792897404
00247,25020,17.765559639653,46.35379168987
00247,25021,17.765155992304,46.353758562789
00247,25022,17.764082653117,46.353678522414
00247,25023,17.763541834316,46.353642281973
00247,25024,17.762788006118,46.353581822475
00247,25025,17.762572323413,46.353567556397
00247,25026,17.762461984643,46.353562995492
00247,25027,17.762417160276,46.353569654337
00247,25028,17.762377721884,46.353588886242
00247,25029,17.762349255827,46.353624831723
00247,25030,17.762336718634,46.35367396246
00247,25031,17.762190870191,46.354377524461
00247,25032,17.761958758096,46.355430009
00247,25033,17.761893929667,46.355663126396
00247,25034,17.761853829526,46.355778437673
00247,25035,17.761638753244,46.356353070433
00247,25036,17.761502305647,46.356694813324
00247,25037,17.76145095374,46.356805075846
00247,25038,17.761391587504,46.356910818654
00247,25039,17.761201619135,46.357214837502
00247,25040,17.761082331738,46.357415421498
00247,25041,17.760972587924,46.357624478816
00247,25042,17.760817276349,46.357939506283
00247,25043,17.76072066061,46.358142879046
00247,25044,17.760680194036,46.358239277645
00247,25045,17.760618644753,46.358470744887
00247,25046,17.760570715331,46.35860768621
00247,25047,17.760570715331,46.35860768621
00247,25048,17.76047794841,46.358751636948
00247,25049,17.76044879929,46.358816112155
00247,25050,17.760426090671,46.358882980441
00247,25051,17.760345816003,46.359218615274
00247,25052,17.760318565731,46.359408018357
00247,25053,17.760313754371,46.359507775969
00247,25054,17.760317669336,46.359718621887
00247,25055,17.760328833341,46.359829667722
00247,25056,17.760349657596,46.359944338328
00247,25057,17.760377736307,46.360061341015
00247,25058,17.760549981036,46.360673217296
00247,25059,17.760575387064,46.360800170685
00247,25060,17.760582088739,46.36092810559
00247,25061,17.760572582152,46.361054520037
00247,25062,17.760542894139,46.361175713583
00247,25063,17.760498671823,46.361293297042
00247,25064,17.760294129691,46.361730981513
00247,25065,17.760211959259,46.361941337017
00247,25066,17.76018750847,46.362047196639
00247,25067,17.760176860252,46.362153284083
00247,25068,17.76017593283,46.362260466542
00247,25069,17.760194475709,46.362573330416
00247,25070,17.760209947814,46.362674022447
00247,25071,17.760245824439,46.362770589335
00247,25072,17.760310371534,46.362857010116
00247,25073,17.760398748796,46.362931893985
00247,25074,17.760503557647,46.362998952156
00247,25075,17.760613297499,46.363063606317
00247,25076,17.760714808559,46.363132735375
00247,25077,17.760886689781,46.363282587381
00247,25078,17.760950874602,46.363350165789
00247,25079,17.761045545335,46.363467857551
00247,25080,17.761060003214,46.363474700047
00247,25081,17.761060003214,46.363474700047
00247,25082,17.761065695854,46.363474413521
00247,25083,17.761089174268,46.363511794686
00247,25084,17.761133200189,46.363607329566
00247,25085,17.761156784035,46.363640283616
00247,25086,17.761237457478,46.363731808087
00247,25087,17.761246416283,46.36376494679
00247,25088,17.761231633546,46.363805898162
00247,25089,17.761190788424,46.363849785681
00247,25090,17.761131204311,46.363896060226
00247,25091,17.760855253382,46.364091624075
00247,25092,17.760516064007,46.36435035983
00247,25093,17.760065323266,46.364722605865
00247,25094,17.759979011683,46.364799643175
00247,25095,17.759900817115,46.364876913662
00247,25096,17.759763052877,46.365033846121
00247,25097,17.759648757395,46.365194420324
00247,25098,17.759570076528,46.365326160212
00247,25099,17.759399640314,46.36566104631
00247,25100,17.759305902149,46.365811030207
00247,25101,17.759266999585,46.365841443469
00247,25102,17.75920637187,46.365863173727
00247,25103,17.75912582066,46.365868790726
00247,25104,17.759034280527,46.36585832619
00247,25105,17.758871236184,46.365814711069
00247,25106,17.758799298205,46.365799760811
00247,25107,17.758728709702,46.365796353576
00247,25108,17.758662618419,46.365808742767
00247,25109,17.758607517549,46.365837143168
00247,25110,17.758572416958,46.365878424385
00247,25111,17.758563138575,46.365926889137
00247,25112,17.758580693899,46.365974184413
00247,25113,17.758620398161,46.366012384126
00247,25114,17.758670115442,46.366039451743
00247,25115,17.75886373791,46.366095225297
00247,25116,17.758905721487,46.366105967339
00247,25117,17.758931935794,46.366096707289