00089,8901,17.792090349527,46.353484397354
00089,8902,17.791931522534,46.353504489316
00089,8903,17.791649993887,46.353562717677
00089,8904,17.791609940049,46.353573939763
00089,8905,17.791572196215,46.353590599894
00089,8906,17.791537605281,46.353611371949
00089,8907,17.791493266657,46.353632246298
00089,8908,17.791441733545,46.353648190486
00089,8909,17.790974179659,46.353743566896
00089,8910,17.790368865709,46.353860952948
00089,8911,17.789672671659,46.353974932308
00089,8912,17.789267710896,46.35403255118
00089,8913,17.789109653901,46.354054334754
00089,8914,17.78899557695,46.354070704554
00089,8915,17.788917285844,46.354084802607
00089,8916,17.788882924194,46.354095665523
00089,8917,17.788848371161,46.354114750231
00089,8918,17.788828375135,46.354136457555
00089,8919,17.788813715661,46.354173125932
00089,8920,17.788813049937,46.35420172656
00089,8921,17.788823405767,46.354245281406
00089,8922,17.788848634995,46.354312760295
00089,8923,17.788858008862,46.354363614345
00089,8924,17.788850303224,46.354415542994
00089,8925,17.788819905,46.354465461117
00089,8926,17.788761793815,46.354519709058
00089,8927,17.788668367401,46.354555990253
00089,8928,17.788588680725,46.354560231898
00089,8929,17.788509345796,46.354549365049
00089,8930,17.788434512221,46.354519570079
00089,8931,17.788346725503,46.354453149883
00089,8932,17.78825511535,46.354411429031
00089,8933,17.788164600554,46.35439242403
00089,8934,17.78804542518,46.354383572098
00089,8935,17.787933067602,46.354395812923
00089,8936,17.787813149065,46.354418864144
00089,8937,17.787428313421,46.354518734748
00089,8938,17.787296173163,46.354543476407
00089,8939,17.787158465696,46.354563165098
00089,8940,17.787015978393,46.354578863952
00089,8941,17.786728718539,46.354603768885
00089,8942,17.786588832236,46.35461239698
00089,8943,17.786318967964,46.35462266416
00089,8944,17.785918374376,46.354631960353
00089,8945,17.785545021572,46.354657164363
00089,8946,17.785422290056,46.354661484412
00089,8947,17.785192512474,46.354659193842
00089,8948,17.785099861032,46.354662163268
00089,8949,17.784827551649,46.354742338194
00089,8950,17.784819133553,46.354789830358
00089,8951,17.784819420058,46.354847120021
00089,8952,17.784835785076,46.354980995076
00089,8953,17.784878234364,46.355180321121
00089,8954,17.784882421376,46.355244472596
00089,8955,17.784885937023,46.355372158832
00089,8956,17.784866498177,46.355404696397
00089,8957,17.784866498177,46.355404696397
00089,8958,17.784825895473,46.355404522962
00089,8959,17.784801753047,46.355534148815
00089,8960,17.784802198709,46.355584622119
00089,8961,17.784813891553,46.355640352532
00089,8962,17.78484762788,46.355691128278
00089,8963,17.784903550493,46.355730835693
00089,8964,17.784976062866,46.355755686715
00089,8965,17.785050625724,46.355762285209
00089,8966,17.785123958466,46.355752000254
00089,8967,17.785190372612,46.355724979052
00089,8968,17.785240088897,46.355682658542
00089,8969,17.785266480684,46.355630587789
00089,8970,17.785266292119,46.355569081819
00089,8971,17.785209582459,46.355354343364
00089,8972,17.785080006564,46.354921241284
00089,8973,17.784945824054,46.354442047437
00089,8974,17.784733133028,46.35374288002
00089,8975,17.784697580997,46.353665584521
00089,8976,17.78464220387,46.353602617059
00089,8977,17.784562089273,46.353555679844
00089,8978,17.78446436863,46.353532373738
00089,8979,17.784361230104,46.353532413475
00089,8980,17.784049013525,46.353582898767
00089,8981,17.78394130969,46.353604536336
00089,8982,17.783835913372,46.353631682291
00089,8983,17.78373363151,46.353664556551
00089,8984,17.783635292399,46.353702465509
00089,8985,17.783548124259,46.353748864114
00089,8986,17.783480229638,46.353804546114
00089,8987,17.783440629801,46.353865746705
00089,8988,17.783429406964,46.353928952329
00089,8989,17.783444229011,46.353989708575
00089,8990,17.78348766314,46.354042420994
00089,8991,17.783549264728,46.35408226305
00089,8992,17.783630673999,46.354108550194
00089,8993,17.783729419083,46.354122801067
00089,8994,17.783842983751,46.354128431644
00089,8995,17.784533221649,46.354131032708
00089,8996,17.784972379541,46.354139464589
00089,8997,17.785272962781,46.354135167696
00089,8998,17.785417060109,46.35412005139
00089,8999,17.785554002738,46.354098317858
00089,9000,17.785690618716,46.354055774632
00089,9001,17.785826758685,46.353998816446
00089,9002,17.786235074673,46.353797504145
00089,9003,17.78638116433,46.35373172974
00089,9004,17.786535961645,46.35367561197
00089,9005,17.786699402777,46.353631891398
00089,9006,17.787225400041,46.353538029255
00089,9007,17.787902735118,46.353431797135
00089,9008,17.788556558651,46.353323752125
00089,9009,17.790260128929,46.35301893124
00089,9010,17.790706884164,46.352944694225
00089,9011,17.791196837909,46.35286362655
00089,9012,17.791314426906,46.35283576612
00089,9013,17.791413833743,46.35278654575
00089,9014,17.791466490631,46.352722184275
00089,9015,17.791476989883,46.352654752504
00089,9016,17.79144934373,46.352586333545
00089,9017,17.791409501482,46.352518551922
00089,9018,17.791208394244,46.352226365329
00089,9019,17.79091375967,46.35183536278
00089,9020,17.790861231125,46.351789370075
00089,9021,17.790797460617,46.351737910021
00089,9022,17.790739185498,46.351694594528
00089,9023,17.79055722223,46.351592262573
00089,9024,17.790495647727,46.351551159455
00089,9025,17.790449529794,46.351508893093
00089,9026,17.790428097852,46.351487637462
00089,9027,17.790428097852,46.351487637462
00089,9028,17.790411434202,46.351470863254
00089,9029,17.79040032783,46.351459563328
00089,9030,17.790363176492,46.351415850505
00089,9031,17.790324112392,46.351349623534
00089,9032,17.790287893947,46.351300719623
00089,9033,17.790235572307,46.351245872379
00089,9034,17.790051730081,46.351084756163
00089,9035,17.789414222679,46.350492762074
00089,9036,17.788850419918,46.349979398036
00089,9037,17.788477854201,46.349623437176
00089,9038,17.788298492586,46.349444725219
00089,9039,17.787918025418,46.349114540946
00089,9040,17.787675755916,46.348882618569
00089,9041,17.787613499454,46.348801300289
00089,9042,17.787582302007,46.348711331881
00089,9043,17.787583683938,46.348617158634
00089,9044,17.787621550802,46.348420839839
00089,9045,17.787679161249,46.348213565504
00089,9046,17.787714110568,46.34810760711
00089,9047,17.787798727783,46.347891285873
00089,9048,17.788025350904,46.347365306464
00089,9049,17.788107201405,46.347163082428
00089,9050,17.788140427434,46.347061322081
00089,9051,17.788188279826,46.346854500875
00089,9052,17.78821152611,46.34665822952
00089,9053,17.788213259915,46.346479149842
00089,9054,17.78820540505,46.346398017693
00089,9055,17.78818933907,46.34632080037
00089,9056,17.78816344989,46.346246987836
00089,9057,17.788126130337,46.346175859232
00089,9058,17.788076527757,46.346109162273
00089,9059,17.788013013707,46.346047089623
00089,9060,17.787940444182,46.345990328114
00089,9061,17.787862860094,46.345939696062
00089,9062,17.787779354713,46.345899260148
00089,9063,17.787686549933,46.345874605822
00089,9064,17.787587733731,46.345864012549
00089,9065,17.787276442442,46.345841977214
00089,9066,17.786705508142,46.345811625731
00089,9067,17.786705506504,46.345811696003
00089,9068,17.786656809578,46.345810729737
00089,9069,17.786099102064,46.34577033102
00089,9070,17.78533359666,46.345726900762
00089,9071,17.784899935398,46.345694632439
00089,9072,17.784411582002,46.345674753459
00089,9073,17.78363621318,46.345636543213
00089,9074,17.78334572546,46.345627804148
00089,9075,17.783295449557,46.345624920893
00089,9076,17.78326392828,46.345618663103
00089,9077,17.78326392828,46.345618663103
00089,9078,17.783255105519,46.345613995322
00089,9079,17.783177344254,46.345605883528
00089,9080,17.782958529608,46.345587825335
00089,9081,17.782575833535,46.345563781236
00089,9082,17.782211476522,46.345554140238
00089,9083,17.781951542564,46.345558322368
00089,9084,17.78167662327,46.345578291532
00089,9085,17.781388419255,46.345610763082
00089,9086,17.781088636121,46.34565224157
00089,9087,17.780008919324,46.345815694361
00089,9088,17.779735221284,46.345852753057
00089,9089,17.779465761352,46.345882197127
00089,9090,17.779379552939,46.345888045752
00089,9091,17.779185494869,46.34588769063
00089,9092,17.778988506142,46.34587380649
00089,9093,17.778857044113,46.345870359327
00089,9094,17.778774424005,46.345861697796
00089,9095,17.778774424005,46.345861697796
00089,9096,17.778665084473,46.345849783346
00089,9097,17.778523193065,46.345840946668
00089,9098,17.777985185313,46.345826315116
00089,9099,17.777381621889,46.345802507748
00089,9100,17.776181145185,46.345782933798
00089,9101,17.775762195532,46.34578130213
00089,9102,17.77525976182,46.345773244333
00089,9103,17.77516163106,46.34576813052
00089,9104,17.775066100977,46.345756016947
00089,9105,17.7749747902,46.345737132756
00089,9106,17.774798838328,46.345691988669
00089,9107,17.774710637591,46.345678973457
00089,9108,17.774623896715,46.345672933389
00089,9109,17.774540255754,46.345673184083
00089,9110,17.774239235554,46.345697971682
00089,9111,17.773956656612,46.345698224601
00089,9112,17.773945995972,46.345702673058
00089,9113,17.773945995972,46.345702673058
00089,9114,17.773907063843,46.345700827514
00089,9115,17.773739537722,46.345677215462
00089,9116,17.773654369197,46.345673371408
00089,9117,17.772545433393,46.345663016832
00089,9118,17.771551599211,46.345661193809
00089,9119,17.771484265035,46.345658604283
00089,9120,17.771431839587,46.34564360148
00089,9121,17.771397599834,46.345614957282
00089,9122,17.771382284589,46.345575772839
00089,9123,17.771381808819,46.345423870135
00089,9124,17.771347915984,46.345208468544
00089,9125,17.771346541623,46.345094653009