SH20V00080,8001,17.820737557171,46.364031801762
SH20V00080,8002,17.820715813382,46.364023552248
SH20V00080,8003,17.820194227065,46.364207589763
SH20V00080,8004,17.819455288789,46.364484009135
SH20V00080,8005,17.818429431918,46.364875524912
SH20V00080,8006,17.818382964981,46.364882891015
SH20V00080,8007,17.81834321507,46.364880630321
SH20V00080,8008,17.81830857564,46.364867952143
SH20V00080,8009,17.818279030731,46.364845559209
SH20V00080,8010,17.818254487682,46.364817527314
SH20V00080,8011,17.818120307679,46.364645753021
SH20V00080,8012,17.818120307679,46.364645753021
SH20V00080,8013,17.817996667785,46.36447486664
SH20V00080,8014,17.817770091585,46.364187161073
SH20V00080,8015,17.817590385188,46.363945865283
SH20V00080,8016,17.817436470892,46.363749132977
SH20V00080,8017,17.817230726155,46.363474305595
SH20V00080,8018,17.817101719271,46.363289653152
SH20V00080,8019,17.816930760977,46.36305681616
SH20V00080,8020,17.81688783197,46.363015860923
SH20V00080,8021,17.816803109311,46.362919764266
SH20V00080,8022,17.816801650541,46.362876801346
SH20V00080,8023,17.816772976397,46.362887594238
SH20V00080,8024,17.81671694684,46.362815568517
SH20V00080,8025,17.816352750781,46.362329898442
SH20V00080,8026,17.815860895844,46.3625280875
SH20V00080,8027,17.813825590583,46.363304194743
SH20V00080,8028,17.813574886474,46.363398663045
SH20V00080,8029,17.813117988955,46.363559055471
SH20V00080,8030,17.812482956805,46.3638014217
SH20V00080,8031,17.812591611197,46.363880773572
SH20V00080,8032,17.812593172707,46.363883531969
SH20V00080,8033,17.812556418379,46.363892407805
SH20V00080,8034,17.812342770681,46.363929008933
SH20V00080,8035,17.812270054656,46.36394761259
SH20V00080,8036,17.812103046553,46.364004826899
SH20V00080,8037,17.811410847155,46.36426026756
SH20V00080,8038,17.80966314493,46.36492171723
SH20V00080,8039,17.809246201184,46.365074379105
SH20V00080,8040,17.808966206004,46.365170273043
SH20V00080,8041,17.808667772037,46.365255490603
SH20V00080,8042,17.808373676144,46.365328594902
SH20V00080,8043,17.807967221279,46.365413186223
SH20V00080,8044,17.807612620484,46.365503477261
SH20V00080,8045,17.807488710775,46.365522780348
SH20V00080,8046,17.807488710775,46.365522780348
SH20V00080,8047,17.807487976061,46.365519398359
SH20V00080,8048,17.807420489753,46.365522311504
SH20V00080,8049,17.807226433688,46.365518842371
SH20V00080,8050,17.806711515755,46.365551206092
SH20V00080,8051,17.806344868262,46.365564604144
SH20V00080,8052,17.806086578837,46.365563870442
SH20V00080,8053,17.805666114206,46.365550877596
SH20V00080,8054,17.805373284894,46.365533243866
SH20V00080,8055,17.801386975432,46.365234825982
SH20V00080,8056,17.800681327717,46.365189915004
SH20V00080,8057,17.800527966016,46.365183018212
SH20V00080,8058,17.800063587311,46.365172400849
SH20V00080,8059,17.799164547707,46.365165758145
SH20V00080,8060,17.79880900864,46.365190571332
SH20V00080,8061,17.798639186603,46.365192978892
SH20V00080,8062,17.798449977104,46.365190743241
SH20V00080,8063,17.798383664267,46.365107699348
SH20V00080,8064,17.797198530177,46.365108556417
SH20V00080,8065,17.795631256076,46.365125333705
SH20V00080,8066,17.794079470605,46.365139660627
SH20V00080,8067,17.793787886845,46.365138599064
SH20V00080,8068,17.792791305547,46.365134898194
SH20V00080,8069,17.79177848135,46.365131077987
SH20V00080,8070,17.790813562865,46.365128063592
SH20V00080,8071,17.789789422261,46.365121850171
SH20V00080,8072,17.789326856726,46.365103195752
SH20V00080,8073,17.789315499207,46.365102577034
SH20V00080,8074,17.78904940065,46.365088432381
SH20V00080,8075,17.789064587803,46.365168802829
SH20V00080,8076,17.788877977915,46.365124687227
SH20V00080,8077,17.78856947459,46.365082795701
SH20V00080,8078,17.787809072391,46.364982858706
SH20V00080,8079,17.786993662814,46.36483844081
SH20V00080,8080,17.786217534943,46.364681663429
SH20V00080,8081,17.785074188601,46.364458564459
SH20V00080,8082,17.784030391251,46.364251259599
SH20V00080,8083,17.782497834189,46.363930569068
SH20V00080,8084,17.782052918708,46.363852406264
SH20V00080,8085,17.781707884084,46.363810156276
SH20V00080,8086,17.78145076507,46.363759754347
SH20V00080,8087,17.78145076507,46.363759754347
SH20V00080,8088,17.781429714363,46.363756847033
SH20V00080,8089,17.781348248851,46.363732385354
SH20V00080,8090,17.781231530634,46.363687143696
SH20V00080,8091,17.781153297042,46.363663421059
SH20V00080,8092,17.781066862407,46.363643050508
SH20V00080,8093,17.780618810203,46.363560277918
SH20V00080,8094,17.780349212991,46.363522526121
SH20V00080,8095,17.780213091046,46.363508133685
SH20V00080,8096,17.779935699986,46.363491028944
SH20V00080,8097,17.779662132028,46.363484088287
SH20V00080,8098,17.779266517031,46.363486037116
SH20V00080,8099,17.778861849163,46.363493013924
SH20V00080,8100,17.778723026061,46.363489906035
SH20V00080,8101,17.77844648884,46.363471049976
SH20V00080,8102,17.778215622505,46.363444342653
SH20V00080,8103,17.77799555714,46.363407353464
SH20V00080,8104,17.777624006775,46.363318471197
SH20V00080,8105,17.777408969734,46.363274930181
SH20V00080,8106,17.777308836463,46.363249974188
SH20V00080,8107,17.777143667823,46.363192795601
SH20V00080,8108,17.776983535234,46.363128714759
SH20V00080,8109,17.776983535234,46.363128714759
SH20V00080,8110,17.776900070883,46.363085740979
SH20V00080,8111,17.776694170417,46.36296456046
SH20V00080,8112,17.776489427445,46.362863284749
SH20V00080,8113,17.776364020703,46.362807818282
SH20V00080,8114,17.776230427812,46.362755071018
SH20V00080,8115,17.775926648574,46.362651412759
SH20V00080,8116,17.7757588273,46.362603550813
SH20V00080,8117,17.775580334236,46.362560488591
SH20V00080,8118,17.775399994199,46.362526894443
SH20V00080,8119,17.775214565602,46.362502450635
SH20V00080,8120,17.775024096319,46.362485119262
SH20V00080,8121,17.774829390036,46.362475260822
SH20V00080,8122,17.774632884411,46.362472832511
SH20V00080,8123,17.774436208381,46.362477641836
SH20V00080,8124,17.774240957791,46.362490901748
SH20V00080,8125,17.774048783085,46.362511506244
SH20V00080,8126,17.773858845677,46.362540570517
SH20V00080,8127,17.773672802649,46.362576707486
SH20V00080,8128,17.773489858466,46.362619205284
SH20V00080,8129,17.773310838348,46.362667510924
SH20V00080,8130,17.773134126469,46.36272125472
SH20V00080,8131,17.772961336906,46.362780876663
SH20V00080,8132,17.772625154734,46.362914916663
SH20V00080,8133,17.771806399026,46.363259500979
SH20V00080,8134,17.771172775441,46.36353750084
SH20V00080,8135,17.770866744276,46.363667026851
SH20V00080,8136,17.770726283319,46.363733267183
SH20V00080,8137,17.770601216049,46.363801157709
SH20V00080,8138,17.770489448277,46.363856194955
SH20V00080,8139,17.770338496138,46.363919504423
SH20V00080,8140,17.770320960076,46.36393976036
SH20V00080,8141,17.770320960076,46.36393976036
SH20V00080,8142,17.770334178938,46.363964722541
SH20V00080,8143,17.770307133987,46.363974889574
SH20V00080,8144,17.770251567702,46.363988951058
SH20V00080,8145,17.770073782227,46.364019060425
SH20V00080,8146,17.769984647825,46.364044339518
SH20V00080,8147,17.76979462313,46.364111141987
SH20V00080,8148,17.769557696447,46.364203420203
SH20V00080,8149,17.768045317706,46.364818396724
SH20V00080,8150,17.766908406362,46.365286703165
SH20V00080,8151,17.766444213627,46.365474027988
SH20V00080,8152,17.765842411572,46.365709482792
SH20V00080,8153,17.765697388254,46.365762099107
SH20V00080,8154,17.765554172089,46.365807003827
SH20V00080,8155,17.765149636198,46.365910301414
SH20V00080,8156,17.765046182664,46.365956852473
SH20V00080,8157,17.764973294552,46.366016122097
SH20V00080,8158,17.764935127329,46.366084151037
SH20V00080,8159,17.764926890307,46.366157440623
SH20V00080,8160,17.76494137989,46.366231480652
SH20V00080,8161,17.764972888251,46.366307190285
SH20V00080,8162,17.765018192132,46.366383478501
SH20V00080,8163,17.765071702005,46.36645627518
SH20V00080,8164,17.765172890508,46.366573756272
SH20V00080,8165,17.765326920715,46.366723749791
SH20V00080,8166,17.765326920715,46.366723749791
SH20V00080,8167,17.765344301729,46.36674440188
SH20V00080,8168,17.76539807623,46.366840326965
SH20V00080,8169,17.76543363216,46.366882413335
SH20V00080,8170,17.765785395687,46.367223664466
SH20V00080,8171,17.76672510275,46.368121192607
SH20V00080,8172,17.766873878017,46.36825334078
SH20V00080,8173,17.766958493908,46.368316297541
SH20V00080,8174,17.767145754253,46.368435597327
SH20V00080,8175,17.767251653845,46.368491696103
SH20V00080,8176,17.767484612014,46.368602305898
SH20V00080,8177,17.76774886917,46.368694783907
SH20V00080,8178,17.76788920661,46.368737425547
SH20V00080,8179,17.768033837705,46.368770275051
SH20V00080,8180,17.7683244021,46.368849624606
SH20V00080,8181,17.768602444722,46.368943240977
SH20V00080,8182,17.768733973115,46.36898058019
SH20V00080,8183,17.768983535086,46.369041960896
SH20V00080,8184,17.769194980881,46.369100659824
SH20V00080,8185,17.76935763004,46.369127385655
SH20V00080,8186,17.76938212507,46.369122110253
SH20V00080,8187,17.769440079838,46.369144697493
SH20V00080,8188,17.769465532969,46.369167619381
SH20V00080,8189,17.769474582442,46.369197173588
SH20V00080,8190,17.769464703802,46.369237056909
SH20V00080,8191,17.769439195355,46.369285197996
SH20V00080,8192,17.76890096487,46.369991492026
SH20V00080,8193,17.76885302253,46.370060747001
SH20V00080,8194,17.768783338787,46.370190556725
SH20V00080,8195,17.768760762705,46.370217714077
SH20V00080,8196,17.768760762705,46.370217714077
SH20V00080,8197,17.768746057037,46.370255574495
SH20V00080,8198,17.768675322702,46.370326750038
SH20V00080,8199,17.768641857826,46.370367771721
SH20V00080,8200,17.768455756006,46.370611115962
SH20V00080,8201,17.768393877985,46.370685625113
SH20V00080,8202,17.767773153768,46.371512440611
SH20V00080,8203,17.767589497767,46.37182371184
SH20V00080,8204,17.767527547288,46.371901171927
SH20V00080,8205,17.76752070387,46.371915714692