SH8YV00073,7301,17.820737557171,46.364031801762
SH8YV00073,7302,17.820715813382,46.364023552248
SH8YV00073,7303,17.820194227065,46.364207589763
SH8YV00073,7304,17.819455288789,46.364484009135
SH8YV00073,7305,17.818429431918,46.364875524912
SH8YV00073,7306,17.818382964981,46.364882891015
SH8YV00073,7307,17.81834321507,46.364880630321
SH8YV00073,7308,17.81830857564,46.364867952143
SH8YV00073,7309,17.818279030731,46.364845559209
SH8YV00073,7310,17.818254487682,46.364817527314
SH8YV00073,7311,17.818120307679,46.364645753021
SH8YV00073,7312,17.818120307679,46.364645753021
SH8YV00073,7313,17.817996667785,46.36447486664
SH8YV00073,7314,17.817770091585,46.364187161073
SH8YV00073,7315,17.817590385188,46.363945865283
SH8YV00073,7316,17.817436470892,46.363749132977
SH8YV00073,7317,17.817230726155,46.363474305595
SH8YV00073,7318,17.817101719271,46.363289653152
SH8YV00073,7319,17.816930760977,46.36305681616
SH8YV00073,7320,17.81688783197,46.363015860923
SH8YV00073,7321,17.816803109311,46.362919764266
SH8YV00073,7322,17.816801650541,46.362876801346
SH8YV00073,7323,17.816801650541,46.362876801346
SH8YV00073,7324,17.816819489829,46.362878120632
SH8YV00073,7325,17.816734678523,46.362750252013
SH8YV00073,7326,17.816636905433,46.362620906371
SH8YV00073,7327,17.81648996108,46.362439431344
SH8YV00073,7328,17.816449313792,46.362405318936
SH8YV00073,7329,17.816417093288,46.362393510035
SH8YV00073,7330,17.816370913031,46.36238836685
SH8YV00073,7331,17.816315475581,46.362397391406
SH8YV00073,7332,17.816180425917,46.362442659795
SH8YV00073,7333,17.814313213288,46.363149758616
SH8YV00073,7334,17.813972767328,46.363261592183
SH8YV00073,7335,17.813765011702,46.363324900212
SH8YV00073,7336,17.813545522859,46.363404035274
SH8YV00073,7337,17.813339825368,46.36348388314
SH8YV00073,7338,17.813270323186,46.36350406897
SH8YV00073,7339,17.813200413184,46.363506537279
SH8YV00073,7340,17.813136567753,46.363492413244
SH8YV00073,7341,17.813083556553,46.36346624762
SH8YV00073,7342,17.812902848232,46.363340981531
SH8YV00073,7343,17.81286947724,46.363308423544
SH8YV00073,7344,17.812784047103,46.363208028377
SH8YV00073,7345,17.812756710419,46.363195779861
SH8YV00073,7346,17.812756710419,46.363195779861
SH8YV00073,7347,17.812769868424,46.36318868406
SH8YV00073,7348,17.812752935876,46.36314766035
SH8YV00073,7349,17.812734636073,46.363059808694
SH8YV00073,7350,17.812719215332,46.363023721811
SH8YV00073,7351,17.812662751338,46.362935382041
SH8YV00073,7352,17.812542931138,46.362775988514
SH8YV00073,7353,17.811037023939,46.360894139994
SH8YV00073,7354,17.810539018614,46.360260288704
SH8YV00073,7355,17.809752632299,46.359274422425
SH8YV00073,7356,17.809211366231,46.358580343891
SH8YV00073,7357,17.809027712255,46.358372026765
SH8YV00073,7358,17.808909408716,46.358253695079
SH8YV00073,7359,17.808725322881,46.358099776995
SH8YV00073,7360,17.808664585835,46.358056654809
SH8YV00073,7361,17.808599655419,46.358019320576
SH8YV00073,7362,17.808532171652,46.35798708941
SH8YV00073,7363,17.808463721414,46.357961595406
SH8YV00073,7364,17.808395955985,46.357941661777
SH8YV00073,7365,17.808331303187,46.35792766665
SH8YV00073,7366,17.808264815511,46.357922859288
SH8YV00073,7367,17.808072051358,46.357935080129
SH8YV00073,7368,17.808008705237,46.357934946268
SH8YV00073,7369,17.807819097046,46.357915781821
SH8YV00073,7370,17.80777199997,46.357879978634
SH8YV00073,7371,17.806808964973,46.357765218864
SH8YV00073,7372,17.805254975937,46.357602120658
SH8YV00073,7373,17.804364969198,46.357490674728
SH8YV00073,7374,17.803915454571,46.357436937777
SH8YV00073,7375,17.803338918177,46.357362046356
SH8YV00073,7376,17.802065848928,46.35723890492
SH8YV00073,7377,17.801539117386,46.357188031073
SH8YV00073,7378,17.800967964403,46.357126471741
SH8YV00073,7379,17.800952583344,46.357194764098
SH8YV00073,7380,17.800960954298,46.357219176929
SH8YV00073,7381,17.800896155235,46.357211642567
SH8YV00073,7382,17.800630941571,46.357160702693
SH8YV00073,7383,17.800541835932,46.357150650114
SH8YV00073,7384,17.799939514196,46.357102447466
SH8YV00073,7385,17.79956112143,46.357064100124
SH8YV00073,7386,17.799288672818,46.357045199513
SH8YV00073,7387,17.798919957773,46.35700983901
SH8YV00073,7388,17.79868836028,46.356980423974
SH8YV00073,7389,17.798462703148,46.356939968441
SH8YV00073,7390,17.798237736536,46.356904791847
SH8YV00073,7391,17.797663025957,46.356821737873
SH8YV00073,7392,17.797519642879,46.356805809618
SH8YV00073,7393,17.797310415927,46.356792454919
SH8YV00073,7394,17.797266715468,46.356785714666
SH8YV00073,7395,17.797105176232,46.356747162109
SH8YV00073,7396,17.797044509497,46.356736578581
SH8YV00073,7397,17.79697644915,46.356729638405
SH8YV00073,7398,17.796415277754,46.356693400699
SH8YV00073,7399,17.796191132425,46.356693022645
SH8YV00073,7400,17.79605295883,46.356697674991
SH8YV00073,7401,17.795990279748,46.356703867867
SH8YV00073,7402,17.795775554202,46.356752655923
SH8YV00073,7403,17.795726712251,46.356757526142
SH8YV00073,7404,17.795624366524,46.356758147362
SH8YV00073,7405,17.795414585352,46.356768751872
SH8YV00073,7406,17.795414585352,46.356768751872
SH8YV00073,7407,17.795369342619,46.35675847926
SH8YV00073,7408,17.795289910351,46.356751622676
SH8YV00073,7409,17.79522435765,46.356741616525
SH8YV00073,7410,17.795075150286,46.35673173571
SH8YV00073,7411,17.79493134823,46.356733934319
SH8YV00073,7412,17.794663064677,46.3567457152
SH8YV00073,7413,17.794430920202,46.356740043331
SH8YV00073,7414,17.794367932161,46.356724512266
SH8YV00073,7415,17.794337478916,46.356706882541
SH8YV00073,7416,17.794317690073,46.356684661881
SH8YV00073,7417,17.794306918939,46.356658816053
SH8YV00073,7418,17.794302788306,46.356626788205
SH8YV00073,7419,17.794312650193,46.356481608368
SH8YV00073,7420,17.794507016832,46.355523958182
SH8YV00073,7421,17.794565423691,46.355211394911
SH8YV00073,7422,17.794646439228,46.354834345718
SH8YV00073,7423,17.794728378822,46.354382307341
SH8YV00073,7424,17.794777132247,46.354135779639
SH8YV00073,7425,17.794842127314,46.353819142358
SH8YV00073,7426,17.794852076009,46.353740246932
SH8YV00073,7427,17.794872828407,46.353650717143
SH8YV00073,7428,17.794892742796,46.353562302683
SH8YV00073,7429,17.794904211342,46.353452847996
SH8YV00073,7430,17.794900995047,46.353416402064
SH8YV00073,7431,17.794885619879,46.353378977596
SH8YV00073,7432,17.794852234942,46.353347749464
SH8YV00073,7433,17.79480328896,46.353322182533
SH8YV00073,7434,17.794738684261,46.353306493096
SH8YV00073,7435,17.794669040554,46.353297987509
SH8YV00073,7436,17.794536056213,46.353289340455
SH8YV00073,7437,17.794335510588,46.353287463515
SH8YV00073,7438,17.794133719834,46.353304269517
SH8YV00073,7439,17.793863130429,46.353346177084
SH8YV00073,7440,17.793773548444,46.353356989911
SH8YV00073,7441,17.793711000055,46.353357700313
SH8YV00073,7442,17.793664081311,46.353349798209
SH8YV00073,7443,17.793629521846,46.353334231317
SH8YV00073,7444,17.793597572432,46.353311172406
SH8YV00073,7445,17.793527972513,46.353265764352
SH8YV00073,7446,17.793501502727,46.353251552594
SH8YV00073,7447,17.793483791027,46.35324488896
SH8YV00073,7448,17.793432693991,46.353242071465
SH8YV00073,7449,17.793400066757,46.353248245598
SH8YV00073,7450,17.793363239897,46.353260417957
SH8YV00073,7451,17.793243318237,46.353318830727
SH8YV00073,7452,17.793187648235,46.353338103611
SH8YV00073,7453,17.792686541744,46.353444781991
SH8YV00073,7454,17.792597611442,46.353462489562
SH8YV00073,7455,17.792543891017,46.353467725826