00202,20201,17.758931935794,46.366096707289
00202,20202,17.758937494736,46.366102042583
00202,20203,17.759040325662,46.366115939821
00202,20204,17.759081899121,46.36610980738
00202,20205,17.759118832862,46.366093851543
00202,20206,17.759144568282,46.366070598155
00202,20207,17.759209847796,46.36595592666
00202,20208,17.759234951873,46.365925074662
00202,20209,17.759272293989,46.365891972548
00202,20210,17.759326572444,46.365863984177
00202,20211,17.759400034267,46.365849078016
00202,20212,17.759479582495,46.365851462491
00202,20213,17.759569383047,46.36586675685
00202,20214,17.760042930084,46.365970007244
00202,20215,17.760325277687,46.366018074905
00202,20216,17.76064259034,46.366064642913
00202,20217,17.760812703779,46.366084367018
00202,20218,17.760989422667,46.36609959732
00202,20219,17.761359309624,46.366121528622
00202,20220,17.761552522771,46.366126332239
00202,20221,17.761948943092,46.366125579095
00202,20222,17.762343122596,46.366116575039
00202,20223,17.763083230544,46.366078050888
00202,20224,17.763434017864,46.366049148748
00202,20225,17.763769480432,46.366015642816
00202,20226,17.764409647097,46.36594399038
00202,20227,17.764562094241,46.365920911842
00202,20228,17.76499790556,46.36583470108
00202,20229,17.765135141051,46.365802240769
00202,20230,17.765824731773,46.365598644739
00202,20231,17.765906560363,46.365573356161
00202,20232,17.765918089285,46.365566739268
00202,20233,17.765918089285,46.365566739268
00202,20234,17.765931340626,46.365555994807
00202,20235,17.766099368614,46.365526624517
00202,20236,17.766187631917,46.365504009583
00202,20237,17.766279323278,46.365473842152
00202,20238,17.7667490579,46.365292625902
00202,20239,17.767691381389,46.3649121554
00202,20240,17.769084195037,46.364338635304
00202,20241,17.769755038596,46.36406760557
00202,20242,17.769909269917,46.364003068786
00202,20243,17.770282271353,46.363823905479
00202,20244,17.770475087424,46.363742021381
00202,20245,17.770502852987,46.363735728439
00202,20246,17.770502852987,46.363735728439
00202,20247,17.770503796151,46.363730186178
00202,20248,17.770537352242,46.363719460201
00202,20249,17.770702405954,46.36367810012
00202,20250,17.770863712792,46.363623412512
00202,20251,17.771634685297,46.36330781635
00202,20252,17.772044136648,46.363132503877
00202,20253,17.772777395542,46.362831164279
00202,20254,17.773093809825,46.36270870926
00202,20255,17.773260015001,46.36265273812
00202,20256,17.773434224209,46.362601777475
00202,20257,17.773614778651,46.362557284649
00202,20258,17.773799245602,46.362519091558
00202,20259,17.773990072787,46.362486733788
00202,20260,17.7741855849,46.362462371392
00202,20261,17.774387386219,46.362446865938
00202,20262,17.774591386925,46.362441436459
00202,20263,17.774792767903,46.362443779276
00202,20264,17.77498828444,46.362453717213
00202,20265,17.775182810429,46.362471234989
00202,20266,17.775374735126,46.362495752118
00202,20267,17.775563203591,46.362529086521
00202,20268,17.775748210952,46.362571449028
00202,20269,17.775929003105,46.362620370996
00202,20270,17.77610395274,46.36267597468
00202,20271,17.776607385363,46.362855546473
00202,20272,17.777070061355,46.363006821981
00202,20273,17.777449369089,46.363145699545
00202,20274,17.777629151303,46.363203182791
00202,20275,17.777736484065,46.363232858705
00202,20276,17.777754112933,46.36324310867
00202,20277,17.777880868791,46.363275814707
00202,20278,17.77811923926,46.363328825444
00202,20279,17.778324648059,46.363367336441
00202,20280,17.778443607419,46.36338617722
00202,20281,17.778565958513,46.363398940779
00202,20282,17.77868610606,46.363401768492
00202,20283,17.779004016698,46.363388193438
00202,20284,17.779153430715,46.363389943984
00202,20285,17.779184996489,46.363394727221
00202,20286,17.779184994841,46.363394797493
00202,20287,17.779186516721,46.363399172601
00202,20288,17.779436032296,46.363427282534
00202,20289,17.780061853416,46.363445563006
00202,20290,17.78032213703,46.363464794822
00202,20291,17.780459087407,46.363478493531
00202,20292,17.780600817903,46.363496182016
00202,20293,17.780744801871,46.363521697845
00202,20294,17.78104185414,46.363566364249
00202,20295,17.781343394995,46.363592804797
00202,20296,17.781490789005,46.363611469507
00202,20297,17.781999378034,46.363710662842
00202,20298,17.782099221985,46.36371339969
00202,20299,17.782188103492,46.363698651795
00202,20300,17.782265907366,46.363671338203
00202,20301,17.782326087871,46.363633494224
00202,20302,17.782369315644,46.363591172364
00202,20303,17.782398953991,46.363539490052
00202,20304,17.78244391299,46.363423172007
00202,20305,17.782520882321,46.363153769462
00202,20306,17.782520882321,46.363153769462
00202,20307,17.782552233011,46.363133034003
00202,20308,17.782644064251,46.363026871305
00202,20309,17.782702299216,46.3629332652
00202,20310,17.782749390703,46.362829904357
00202,20311,17.782867624769,46.362497773439
00202,20312,17.782908909648,46.362364825558
00202,20313,17.782937606354,46.362249168497
00202,20314,17.783052460404,46.361679418718
00202,20315,17.783065442811,46.361679986001
00202,20316,17.783189097984,46.361289504454
00202,20317,17.783282144973,46.361061682631
00202,20318,17.783463618501,46.36066460901
00202,20319,17.783531922708,46.360487540372
00202,20320,17.783634688349,46.360191294303
00202,20321,17.78372569739,46.359911504903
00202,20322,17.783855040109,46.35948580083
00202,20323,17.783886865527,46.359340375612
00202,20324,17.783904511968,46.359176094348
00202,20325,17.783948915768,46.359013729534
00202,20326,17.783948915768,46.359013729534
00202,20327,17.783956959231,46.358982329658
00202,20328,17.784038802184,46.358816588583
00202,20329,17.784123985131,46.358542638036
00202,20330,17.784171813847,46.358407443517
00202,20331,17.784234856945,46.358246763494
00202,20332,17.784341286265,46.358001940043
00202,20333,17.78458106618,46.35750704143
00202,20334,17.784587624183,46.357504443841
00202,20335,17.784876049762,46.356943384057
00202,20336,17.785123116079,46.356449058035
00202,20337,17.785225187837,46.356216626434
00202,20338,17.785260731061,46.356085652004
00202,20339,17.785260432597,46.356028854241
00202,20340,17.785247059575,46.355975494938
00202,20341,17.78521653761,46.355926161097
00202,20342,17.785166327605,46.355885252562
00202,20343,17.785103707416,46.355854115996
00202,20344,17.784966780313,46.355805418499
00202,20345,17.784903271286,46.355777575504
00202,20346,17.784848819879,46.355744421544
00202,20347,17.784800967337,46.355706913162
00202,20348,17.784761314538,46.355666052355
00202,20349,17.78472739123,46.355623287564
00202,20350,17.784701606923,46.355579770417
00202,20351,17.784669427788,46.355497100342
00202,20352,17.784659019688,46.355421140741
00202,20353,17.784655656766,46.355321712835
00202,20354,17.784655656766,46.355321712835
00202,20355,17.784657008614,46.355298602519
00202,20356,17.784686781792,46.355206082647
00202,20357,17.784694509588,46.355153381291
00202,20358,17.784685981367,46.354788269143
00202,20359,17.784679729767,46.35470820897
00202,20360,17.784687736478,46.354643561418
00202,20361,17.784704814914,46.35460776411
00202,20362,17.784733942344,46.354577654638
00202,20363,17.784775874875,46.354555631323
00202,20364,17.784824186147,46.354538670011
00202,20365,17.784882896339,46.354528502669
00202,20366,17.785541402743,46.354533835002
00202,20367,17.785736574302,46.354522593432
00202,20368,17.786206192548,46.354513507587
00202,20369,17.786676835546,46.354495293534
00202,20370,17.786909352922,46.354484537756
00202,20371,17.787033833861,46.354474823312
00202,20372,17.787155178494,46.354460293954
00202,20373,17.787398177055,46.354417953477
00202,20374,17.787848933654,46.354312071479
00202,20375,17.787950155172,46.354289795461
00202,20376,17.788045547599,46.354273710071
00202,20377,17.788339211982,46.354252668986
00202,20378,17.78844520318,46.354234803768
00202,20379,17.788535825363,46.354214306724
00202,20380,17.788626063034,46.354210323482
00202,20381,17.788714305551,46.354222273744
00202,20382,17.788806045993,46.354223508598
00202,20383,17.788941079128,46.354213980127
00202,20384,17.789017664833,46.354203377528
00202,20385,17.790425844168,46.353960134745
00202,20386,17.791118421027,46.353826991571
00202,20387,17.791734419833,46.353704027011
00202,20388,17.792139794766,46.353628339421
00202,20389,17.792817212695,46.353483138159
00202,20390,17.793469116079,46.353352410047
00202,20391,17.793498717417,46.353336642807
00202,20392,17.793516282115,46.353314626485
00202,20393,17.793520823926,46.35329387115
00202,20394,17.793509969113,46.353271679388
00202,20395,17.793486050707,46.353252505407
00202,20396,17.793450589833,46.353240794385
00202,20397,17.793409996874,46.353240272679
00202,20398,17.793369161085,46.353250221468
00202,20399,17.79326063855,46.353307355226
00202,20400,17.793214709652,46.353326806753
00202,20401,17.793159908575,46.353343629138
00202,20402,17.792543891017,46.353467725826