SH8V00048,4801,17.836779846039,46.40783888427
SH8V00048,4802,17.836734905572,46.407849156558
SH8V00048,4803,17.836669650275,46.407859070348
SH8V00048,4804,17.83660709458,46.407857344993
SH8V00048,4805,17.83657393379,46.407849819743
SH8V00048,4806,17.836540919503,46.407835759126
SH8V00048,4807,17.836511346708,46.407813230383
SH8V00048,4808,17.836458474652,46.407742162757
SH8V00048,4809,17.836125137815,46.407127769952
SH8V00048,4810,17.835939757168,46.406767022547
SH8V00048,4811,17.835746958164,46.406374705462
SH8V00048,4812,17.8353069271,46.405444197178
SH8V00048,4813,17.835268576825,46.405378205174
SH8V00048,4814,17.83517574282,46.405240705845
SH8V00048,4815,17.835125846082,46.405145911639
SH8V00048,4816,17.835125846082,46.405145911639
SH8V00048,4817,17.835093937742,46.404973992107
SH8V00048,4818,17.835073987811,46.404921201235
SH8V00048,4819,17.834541034538,46.403749723051
SH8V00048,4820,17.834383320338,46.403352438466
SH8V00048,4821,17.834256155982,46.402970313115
SH8V00048,4822,17.83420220944,46.402766455821
SH8V00048,4823,17.834113576207,46.402369843077
SH8V00048,4824,17.834045768701,46.40216794538
SH8V00048,4825,17.834020128072,46.40204290574
SH8V00048,4826,17.834020128072,46.40204290574
SH8V00048,4827,17.834030953658,46.401850428713
SH8V00048,4828,17.834027446275,46.401789449951
SH8V00048,4829,17.834008882956,46.401638830705
SH8V00048,4830,17.833884747224,46.400832680497
SH8V00048,4831,17.833871884555,46.400609232242
SH8V00048,4832,17.833876800563,46.400498930485
SH8V00048,4833,17.833893111974,46.400387907782
SH8V00048,4834,17.833919191931,46.400276216927
SH8V00048,4835,17.833954253023,46.400162724814
SH8V00048,4836,17.834191514088,46.399478406014
SH8V00048,4837,17.834254180216,46.399257597264
SH8V00048,4838,17.834292334147,46.399042499615
SH8V00048,4839,17.834308226168,46.398841501735
SH8V00048,4840,17.834307943763,46.398745483168
SH8V00048,4841,17.834294057397,46.39856757162
SH8V00048,4842,17.834251074655,46.398346189511
SH8V00048,4843,17.834193315976,46.398167525169
SH8V00048,4844,17.834177102594,46.39809326568
SH8V00048,4845,17.834161654378,46.398057322222
SH8V00048,4846,17.834105956554,46.39796787743
SH8V00048,4847,17.834055639333,46.397855997802
SH8V00048,4848,17.833997095871,46.39771232911
SH8V00048,4849,17.833940635551,46.397548298814
SH8V00048,4850,17.833891908461,46.397365654621
SH8V00048,4851,17.833832163606,46.39705840912
SH8V00048,4852,17.833796329097,46.396736027307
SH8V00048,4853,17.833792233756,46.396520334909
SH8V00048,4854,17.833808404706,46.396306969145
SH8V00048,4855,17.83385366792,46.395883891049
SH8V00048,4856,17.83385366792,46.395883891049
SH8V00048,4857,17.833893668109,46.395731300837
SH8V00048,4858,17.833930508164,46.39553847101
SH8V00048,4859,17.833942887638,46.395457700854
SH8V00048,4860,17.833961644952,46.395273884509
SH8V00048,4861,17.833962139417,46.395179490961
SH8V00048,4862,17.833956179438,46.395082989613
SH8V00048,4863,17.833937192255,46.394987543104
SH8V00048,4864,17.833904385932,46.394892229148
SH8V00048,4865,17.833857732129,46.394798312638
SH8V00048,4866,17.83379973635,46.394702798051
SH8V00048,4867,17.833730337097,46.394608426001
SH8V00048,4868,17.833650329579,46.394515978203
SH8V00048,4869,17.833474700756,46.394338786897
SH8V00048,4870,17.833201656824,46.394084423591
SH8V00048,4871,17.833011342547,46.393909885104
SH8V00048,4872,17.832811194128,46.393739036073
SH8V00048,4873,17.832707372495,46.393657647876
SH8V00048,4874,17.832597756216,46.39358097689
SH8V00048,4875,17.832482998202,46.393516129373
SH8V00048,4876,17.832117817464,46.393347860121
SH8V00048,4877,17.831745988821,46.393186195556
SH8V00048,4878,17.831623820584,46.393125695561
SH8V00048,4879,17.831245668975,46.39295622934
SH8V00048,4880,17.830749880217,46.392741773425
SH8V00048,4881,17.830602517426,46.392681422394
SH8V00048,4882,17.830526778027,46.392652419535
SH8V00048,4883,17.830370229861,46.392603004609
SH8V00048,4884,17.830226707108,46.392552605327
SH8V00048,4885,17.83015098867,46.392522688674
SH8V00048,4886,17.830064456264,46.392503831355
SH8V00048,4887,17.829533455904,46.392409747679
SH8V00048,4888,17.829301308679,46.392361272553
SH8V00048,4889,17.829186560098,46.392332339711
SH8V00048,4890,17.829081734149,46.392295852314
SH8V00048,4891,17.82898358251,46.392251705029
SH8V00048,4892,17.828804554187,46.392154177944
SH8V00048,4893,17.828646380582,46.392032836765
SH8V00048,4894,17.82857220379,46.391970672752
SH8V00048,4895,17.828504645878,46.391903308465
SH8V00048,4896,17.82844536033,46.391829496562
SH8V00048,4897,17.828294989223,46.391614543096
SH8V00048,4898,17.828172442763,46.391463080433
SH8V00048,4899,17.828100021676,46.391359183033
SH8V00048,4900,17.828096130586,46.391351549708
SH8V00048,4901,17.828107636767,46.39134584
SH8V00048,4902,17.828107636767,46.39134584
SH8V00048,4903,17.828076899754,46.391267416097
SH8V00048,4904,17.828034791467,46.391188728727
SH8V00048,4905,17.827314851904,46.39003339813
SH8V00048,4906,17.826683030395,46.389007646041
SH8V00048,4907,17.826569111269,46.388798496795
SH8V00048,4908,17.826474765907,46.388586255613
SH8V00048,4909,17.826435783656,46.388477306599
SH8V00048,4910,17.826371772127,46.38825330374
SH8V00048,4911,17.826229794544,46.387667730635
SH8V00048,4912,17.826048287724,46.386961674747
SH8V00048,4913,17.825963882419,46.386597504207
SH8V00048,4914,17.825828983396,46.386094597496
SH8V00048,4915,17.825697590468,46.385472657923
SH8V00048,4916,17.825292233181,46.383958235587
SH8V00048,4917,17.825228565753,46.383755392922
SH8V00048,4918,17.825152476721,46.383562888808
SH8V00048,4919,17.825121312751,46.38346780076
SH8V00048,4920,17.825027834088,46.38314605638
SH8V00048,4921,17.824944635615,46.382836864571
SH8V00048,4922,17.824944635615,46.382836864571
SH8V00048,4923,17.824952032519,46.382833149077
SH8V00048,4924,17.824949878438,46.382820614181
SH8V00048,4925,17.824925916565,46.382694536088
SH8V00048,4926,17.824377637794,46.380568025587
SH8V00048,4927,17.824246510836,46.380043367892
SH8V00048,4928,17.82404467893,46.379304262816
SH8V00048,4929,17.823988756958,46.379082736037
SH8V00048,4930,17.823696281801,46.377969479538
SH8V00048,4931,17.823591966607,46.377624772166
SH8V00048,4932,17.823591966607,46.377624772166
SH8V00048,4933,17.823580106521,46.377574456697
SH8V00048,4934,17.823567054952,46.377361478064
SH8V00048,4935,17.823543488587,46.377218182974
SH8V00048,4936,17.823487433291,46.376966851665
SH8V00048,4937,17.823320423072,46.376377207283
SH8V00048,4938,17.823244146985,46.376157849082
SH8V00048,4939,17.82314538992,46.375926719349
SH8V00048,4940,17.823091878102,46.375814307768
SH8V00048,4941,17.822975710452,46.375598663506
SH8V00048,4942,17.822839964268,46.375386602228
SH8V00048,4943,17.822686337449,46.375174908968
SH8V00048,4944,17.822517113989,46.37497035626
SH8V00048,4945,17.82234037478,46.37477485932
SH8V00048,4946,17.822152165462,46.374583665756
SH8V00048,4947,17.82167365392,46.374117859162
SH8V00048,4948,17.821578868806,46.374034449705
SH8V00048,4949,17.821344329202,46.373844508509
SH8V00048,4950,17.821249755497,46.373751822827
SH8V00048,4951,17.821249755497,46.373751822827
SH8V00048,4952,17.821249916503,46.373744725321
SH8V00048,4953,17.821192682128,46.373653429509
SH8V00048,4954,17.82112963978,46.373567482833
SH8V00048,4955,17.820552494955,46.372866604703
SH8V00048,4956,17.820131554431,46.372335274847
SH8V00048,4957,17.819841517255,46.371978280612
SH8V00048,4958,17.818601779486,46.370408076277
SH8V00048,4959,17.817688742161,46.369263228429
SH8V00048,4960,17.817356091405,46.368852623887
SH8V00048,4961,17.817292643383,46.368785016148
SH8V00048,4962,17.817143943537,46.368644150434
SH8V00048,4963,17.817092618731,46.368579275527
SH8V00048,4964,17.817069078653,46.368542819556
SH8V00048,4965,17.817069078653,46.368542819556
SH8V00048,4966,17.817004818454,46.368403858734
SH8V00048,4967,17.816828979667,46.368170617017
SH8V00048,4968,17.816411705568,46.367659837198
SH8V00048,4969,17.815659904959,46.366715300179
SH8V00048,4970,17.815603690369,46.366651284927
SH8V00048,4971,17.815492358919,46.366546391645
SH8V00048,4972,17.815460714274,46.366509214193
SH8V00048,4973,17.815444728621,46.366497793231
SH8V00048,4974,17.815444728621,46.366497793231
SH8V00048,4975,17.815435745939,46.366499874096
SH8V00048,4976,17.815394056504,46.366404457303
SH8V00048,4977,17.815323200798,46.366305699432
SH8V00048,4978,17.814288236005,46.364992622923
SH8V00048,4979,17.81387474364,46.364496213723
SH8V00048,4980,17.813599905118,46.364188712293
SH8V00048,4981,17.813518466763,46.364091243255
SH8V00048,4982,17.813267555644,46.363767625237
SH8V00048,4983,17.813090624742,46.363548001664
SH8V00048,4984,17.813039993325,46.363488755592
SH8V00048,4985,17.812983602269,46.363432750074
SH8V00048,4986,17.812873556792,46.363343191337
SH8V00048,4987,17.812835462783,46.363304044694
SH8V00048,4988,17.812769143038,46.363220447087
SH8V00048,4989,17.812756710419,46.363195779861
SH8V00048,4990,17.812756710419,46.363195779861
SH8V00048,4991,17.812769868424,46.36318868406
SH8V00048,4992,17.812752935876,46.36314766035
SH8V00048,4993,17.812734636073,46.363059808694
SH8V00048,4994,17.812719215332,46.363023721811
SH8V00048,4995,17.812662751338,46.362935382041
SH8V00048,4996,17.812542931138,46.362775988514
SH8V00048,4997,17.811037023939,46.360894139994
SH8V00048,4998,17.810539018614,46.360260288704
SH8V00048,4999,17.809752632299,46.359274422425
SH8V00048,5000,17.809211366231,46.358580343891
SH8V00048,5001,17.809027712255,46.358372026765
SH8V00048,5002,17.808909408716,46.358253695079
SH8V00048,5003,17.808725322881,46.358099776995
SH8V00048,5004,17.808664585835,46.358056654809
SH8V00048,5005,17.808599655419,46.358019320576
SH8V00048,5006,17.808532171652,46.35798708941
SH8V00048,5007,17.808463721414,46.357961595406
SH8V00048,5008,17.808395955985,46.357941661777
SH8V00048,5009,17.808331303187,46.35792766665
SH8V00048,5010,17.808264815511,46.357922859288
SH8V00048,5011,17.808072051358,46.357935080129
SH8V00048,5012,17.808008705237,46.357934946268
SH8V00048,5013,17.807819097046,46.357915781821
SH8V00048,5014,17.80777199997,46.357879978634
SH8V00048,5015,17.806808964973,46.357765218864
SH8V00048,5016,17.805254975937,46.357602120658
SH8V00048,5017,17.804364969198,46.357490674728
SH8V00048,5018,17.803915454571,46.357436937777
SH8V00048,5019,17.803338918177,46.357362046356
SH8V00048,5020,17.802065848928,46.35723890492
SH8V00048,5021,17.801539117386,46.357188031073
SH8V00048,5022,17.800967964403,46.357126471741
SH8V00048,5023,17.800952583344,46.357194764098
SH8V00048,5024,17.800960954298,46.357219176929
SH8V00048,5025,17.800896155235,46.357211642567
SH8V00048,5026,17.800630941571,46.357160702693
SH8V00048,5027,17.800541835932,46.357150650114
SH8V00048,5028,17.799939514196,46.357102447466
SH8V00048,5029,17.79956112143,46.357064100124
SH8V00048,5030,17.799288672818,46.357045199513
SH8V00048,5031,17.798919957773,46.35700983901
SH8V00048,5032,17.79868836028,46.356980423974
SH8V00048,5033,17.798462703148,46.356939968441
SH8V00048,5034,17.798237736536,46.356904791847
SH8V00048,5035,17.797663025957,46.356821737873
SH8V00048,5036,17.797519642879,46.356805809618
SH8V00048,5037,17.797310415927,46.356792454919
SH8V00048,5038,17.797266715468,46.356785714666
SH8V00048,5039,17.797105176232,46.356747162109
SH8V00048,5040,17.797044509497,46.356736578581
SH8V00048,5041,17.79697644915,46.356729638405
SH8V00048,5042,17.796415277754,46.356693400699
SH8V00048,5043,17.796191132425,46.356693022645
SH8V00048,5044,17.79605295883,46.356697674991
SH8V00048,5045,17.795990279748,46.356703867867
SH8V00048,5046,17.795775554202,46.356752655923
SH8V00048,5047,17.795726712251,46.356757526142
SH8V00048,5048,17.795624366524,46.356758147362
SH8V00048,5049,17.795414585352,46.356768751872
SH8V00048,5050,17.795414585352,46.356768751872
SH8V00048,5051,17.795369342619,46.35675847926
SH8V00048,5052,17.795289910351,46.356751622676
SH8V00048,5053,17.79522435765,46.356741616525
SH8V00048,5054,17.795075150286,46.35673173571
SH8V00048,5055,17.79493134823,46.356733934319
SH8V00048,5056,17.794663064677,46.3567457152
SH8V00048,5057,17.794430920202,46.356740043331
SH8V00048,5058,17.794367932161,46.356724512266
SH8V00048,5059,17.794337478916,46.356706882541
SH8V00048,5060,17.794317690073,46.356684661881
SH8V00048,5061,17.794306918939,46.356658816053
SH8V00048,5062,17.794302788306,46.356626788205
SH8V00048,5063,17.794312650193,46.356481608368
SH8V00048,5064,17.794507016832,46.355523958182
SH8V00048,5065,17.794565423691,46.355211394911
SH8V00048,5066,17.794646439228,46.354834345718
SH8V00048,5067,17.794728378822,46.354382307341
SH8V00048,5068,17.794777132247,46.354135779639
SH8V00048,5069,17.794842127314,46.353819142358
SH8V00048,5070,17.794852076009,46.353740246932
SH8V00048,5071,17.794872828407,46.353650717143
SH8V00048,5072,17.794892742796,46.353562302683
SH8V00048,5073,17.794904211342,46.353452847996
SH8V00048,5074,17.794900995047,46.353416402064
SH8V00048,5075,17.794885619879,46.353378977596
SH8V00048,5076,17.794852234942,46.353347749464
SH8V00048,5077,17.79480328896,46.353322182533
SH8V00048,5078,17.794738684261,46.353306493096
SH8V00048,5079,17.794669040554,46.353297987509
SH8V00048,5080,17.794536056213,46.353289340455
SH8V00048,5081,17.794335510588,46.353287463515
SH8V00048,5082,17.794133719834,46.353304269517
SH8V00048,5083,17.793863130429,46.353346177084
SH8V00048,5084,17.793773548444,46.353356989911
SH8V00048,5085,17.793711000055,46.353357700313
SH8V00048,5086,17.793664081311,46.353349798209
SH8V00048,5087,17.793629521846,46.353334231317
SH8V00048,5088,17.793597572432,46.353311172406
SH8V00048,5089,17.793527972513,46.353265764352
SH8V00048,5090,17.793501502727,46.353251552594
SH8V00048,5091,17.793483791027,46.35324488896
SH8V00048,5092,17.793432693991,46.353242071465
SH8V00048,5093,17.793400066757,46.353248245598
SH8V00048,5094,17.793363239897,46.353260417957
SH8V00048,5095,17.793243318237,46.353318830727
SH8V00048,5096,17.793187648235,46.353338103611
SH8V00048,5097,17.792686541744,46.353444781991
SH8V00048,5098,17.792597611442,46.353462489562
SH8V00048,5099,17.792543891017,46.353467725826