00008,801,17.792090349527,46.353484397354
00008,802,17.791931522534,46.353504489316
00008,803,17.791649993887,46.353562717677
00008,804,17.791609940049,46.353573939763
00008,805,17.791572196215,46.353590599894
00008,806,17.791537605281,46.353611371949
00008,807,17.791493266657,46.353632246298
00008,808,17.791441733545,46.353648190486
00008,809,17.790974179659,46.353743566896
00008,810,17.790368865709,46.353860952948
00008,811,17.789672671659,46.353974932308
00008,812,17.789267710896,46.35403255118
00008,813,17.789109653901,46.354054334754
00008,814,17.78899557695,46.354070704554
00008,815,17.788917285844,46.354084802607
00008,816,17.788882924194,46.354095665523
00008,817,17.788848371161,46.354114750231
00008,818,17.788828375135,46.354136457555
00008,819,17.788813715661,46.354173125932
00008,820,17.788813049937,46.35420172656
00008,821,17.788823405767,46.354245281406
00008,822,17.788848634995,46.354312760295
00008,823,17.788858008862,46.354363614345
00008,824,17.788850303224,46.354415542994
00008,825,17.788819905,46.354465461117
00008,826,17.788761793815,46.354519709058
00008,827,17.788668367401,46.354555990253
00008,828,17.788588680725,46.354560231898
00008,829,17.788509345796,46.354549365049
00008,830,17.788434512221,46.354519570079
00008,831,17.788346725503,46.354453149883
00008,832,17.78825511535,46.354411429031
00008,833,17.788164600554,46.35439242403
00008,834,17.78804542518,46.354383572098
00008,835,17.787933067602,46.354395812923
00008,836,17.787813149065,46.354418864144
00008,837,17.787428313421,46.354518734748
00008,838,17.787296173163,46.354543476407
00008,839,17.787158465696,46.354563165098
00008,840,17.787015978393,46.354578863952
00008,841,17.786728718539,46.354603768885
00008,842,17.786588832236,46.35461239698
00008,843,17.786318967964,46.35462266416
00008,844,17.785918374376,46.354631960353
00008,845,17.785545021572,46.354657164363
00008,846,17.785422290056,46.354661484412
00008,847,17.785192512474,46.354659193842
00008,848,17.785099861032,46.354662163268
00008,849,17.784827551649,46.354742338194
00008,850,17.784819133553,46.354789830358
00008,851,17.784819420058,46.354847120021
00008,852,17.784835785076,46.354980995076
00008,853,17.784878234364,46.355180321121
00008,854,17.784882421376,46.355244472596
00008,855,17.784885937023,46.355372158832
00008,856,17.784866498177,46.355404696397
00008,857,17.784866498177,46.355404696397
00008,858,17.784825895473,46.355404522962
00008,859,17.784801753047,46.355534148815
00008,860,17.784802198709,46.355584622119
00008,861,17.784813891553,46.355640352532
00008,862,17.78484762788,46.355691128278
00008,863,17.784903550493,46.355730835693
00008,864,17.784976062866,46.355755686715
00008,865,17.785050625724,46.355762285209
00008,866,17.785123958466,46.355752000254
00008,867,17.785190372612,46.355724979052
00008,868,17.785240088897,46.355682658542
00008,869,17.785266480684,46.355630587789
00008,870,17.785266292119,46.355569081819
00008,871,17.785209582459,46.355354343364
00008,872,17.785080006564,46.354921241284
00008,873,17.784945824054,46.354442047437
00008,874,17.784733133028,46.35374288002
00008,875,17.784697580997,46.353665584521
00008,876,17.78464220387,46.353602617059
00008,877,17.784562089273,46.353555679844
00008,878,17.78446436863,46.353532373738
00008,879,17.784361230104,46.353532413475
00008,880,17.784049013525,46.353582898767
00008,881,17.78394130969,46.353604536336
00008,882,17.783835913372,46.353631682291
00008,883,17.78373363151,46.353664556551
00008,884,17.783635292399,46.353702465509
00008,885,17.783548124259,46.353748864114
00008,886,17.783480229638,46.353804546114
00008,887,17.783440629801,46.353865746705
00008,888,17.783429406964,46.353928952329
00008,889,17.783444229011,46.353989708575
00008,890,17.78348766314,46.354042420994
00008,891,17.783549264728,46.35408226305
00008,892,17.783630673999,46.354108550194
00008,893,17.783729419083,46.354122801067
00008,894,17.783842983751,46.354128431644
00008,895,17.784533221649,46.354131032708
00008,896,17.784972379541,46.354139464589
00008,897,17.785272962781,46.354135167696
00008,898,17.785417060109,46.35412005139
00008,899,17.785554002738,46.354098317858
00008,900,17.785690618716,46.354055774632
00008,901,17.785826758685,46.353998816446
00008,902,17.786235074673,46.353797504145
00008,903,17.78638116433,46.35373172974
00008,904,17.786535961645,46.35367561197
00008,905,17.786699402777,46.353631891398
00008,906,17.787225400041,46.353538029255
00008,907,17.787902735118,46.353431797135
00008,908,17.788556558651,46.353323752125
00008,909,17.790260128929,46.35301893124
00008,910,17.790706884164,46.352944694225
00008,911,17.791196837909,46.35286362655
00008,912,17.791314426906,46.35283576612
00008,913,17.791413833743,46.35278654575
00008,914,17.791466490631,46.352722184275
00008,915,17.791476989883,46.352654752504
00008,916,17.79144934373,46.352586333545
00008,917,17.791409501482,46.352518551922
00008,918,17.791208394244,46.352226365329
00008,919,17.79091375967,46.35183536278
00008,920,17.790861231125,46.351789370075
00008,921,17.790797460617,46.351737910021
00008,922,17.790739185498,46.351694594528
00008,923,17.79055722223,46.351592262573
00008,924,17.790495647727,46.351551159455
00008,925,17.790449529794,46.351508893093
00008,926,17.790428097852,46.351487637462
00008,927,17.790428097852,46.351487637462
00008,928,17.790394002804,46.351452182654
00008,929,17.790361613208,46.351413232346
00008,930,17.790331989243,46.351360114274
00008,931,17.790287090253,46.351300359213
00008,932,17.790243529179,46.351252919806
00008,933,17.790177518735,46.351193069901
00008,934,17.7900160494,46.351047666884
00008,935,17.789884794125,46.350930013708
00008,936,17.789723522491,46.350776177656
00008,937,17.789556519773,46.350624386134
00008,938,17.789273481305,46.350364107369
00008,939,17.788746332351,46.349880954748
00008,940,17.788327807251,46.349476120773
00008,941,17.788045309412,46.349228005027
00008,942,17.787870296104,46.34907190404
00008,943,17.787721093734,46.34888846714
00008,944,17.787658683317,46.348813754431
00008,945,17.787623228584,46.348732243568
00008,946,17.787616272857,46.348647396034
00008,947,17.787639163457,46.348466514295
00008,948,17.787680049738,46.348279999539
00008,949,17.787742168936,46.348088309656
00008,950,17.787815649772,46.347896887251
00008,951,17.787931759749,46.347618359592
00008,952,17.788045889811,46.347355062657
00008,953,17.78812532952,46.347186621197
00008,954,17.78815899097,46.347101032419
00008,955,17.788224345049,46.346735410576
00008,956,17.788236816985,46.346548508046
00008,957,17.788235638011,46.34645964826
00008,958,17.788224655408,46.346373350008
00008,959,17.78820142241,46.346290077991
00008,960,17.788167554458,46.346210201694
00008,961,17.788120639148,46.346132710101
00008,962,17.788057352485,46.346060869701
00008,963,17.787977635599,46.345997210247
00008,964,17.787802529776,46.345880400168
00008,965,17.787639575197,46.345764850221
00008,966,17.787441909735,46.34564054762
00008,967,17.787404928203,46.345624670525
00008,968,17.787404928203,46.345624670525
00008,969,17.787413784068,46.345627932546
00008,970,17.78735110113,46.345565095608
00008,971,17.78713525246,46.345315191772
00008,972,17.787087468679,46.345240220463
00008,973,17.787048869981,46.345154386561
00008,974,17.787024168093,46.345064560885
00008,975,17.787019097726,46.344968558273
00008,976,17.787034405032,46.344869198671
00008,977,17.787065150533,46.344769379039
00008,978,17.787114541886,46.344670822181
00008,979,17.787185030653,46.344572852577
00008,980,17.787268479478,46.344476222719
00008,981,17.787573287057,46.344183708036
00008,982,17.787777790851,46.343979340318
00008,983,17.787869615435,46.343871627503
00008,984,17.787951751036,46.343761557101
00008,985,17.788025832653,46.343648655365
00008,986,17.788441908356,46.342970786146
00008,987,17.788708892705,46.342523559606
00008,988,17.788973066302,46.342092256956
00008,989,17.789085618292,46.341896068591
00008,990,17.78915366148,46.341728413153
00008,991,17.789207945999,46.341628644862
00008,992,17.789207945999,46.341628644862
00008,993,17.78919310458,46.341638390117
00008,994,17.789220744616,46.341602007203
00008,995,17.789285407158,46.341544739577
00008,996,17.789324554948,46.341502299542
00008,997,17.789363208079,46.341446217712
00008,998,17.789482097368,46.341256706968
00008,999,17.78964185613,46.341020487492
00008,1000,17.789812829069,46.340755855165
00008,1001,17.789871039198,46.340661753576
00008,1002,17.789922848648,46.340563574036
00008,1003,17.789968182284,46.340464549053
00008,1004,17.790001405634,46.340362577383
00008,1005,17.790023322286,46.340258019446
00008,1006,17.790029859127,46.340151462431
00008,1007,17.790020995007,46.340043819873
00008,1008,17.789998327262,46.339936234224
00008,1009,17.789960235862,46.339828546823
00008,1010,17.789907445993,46.339724491114
00008,1011,17.789708844276,46.33943169677
00008,1012,17.789662478468,46.339330735078
00008,1013,17.78963163773,46.339225518313
00008,1014,17.789619521303,46.339118120592
00008,1015,17.789626104563,46.339009595998
00008,1016,17.789653755426,46.338902852838
00008,1017,17.789701639217,46.338798865845
00008,1018,17.790212579535,46.338019074456
00008,1019,17.790260025368,46.337933849793
00008,1020,17.790321039146,46.33778881906
00008,1021,17.790365095883,46.337709671794
00008,1022,17.790368043688,46.337687633611
00008,1023,17.790368043688,46.337687633611
00008,1024,17.790375778144,46.337669233592
00008,1025,17.790513428247,46.337510366696
00008,1026,17.790549715826,46.337451095094
00008,1027,17.790606248738,46.33732414908
00008,1028,17.790629869704,46.337250959401
00008,1029,17.790667789649,46.337086481875
00008,1030,17.790687333761,46.336909217578
00008,1031,17.790687723683,46.336822554389
00008,1032,17.790672404561,46.336643284758
00008,1033,17.79065742884,46.336554060408
00008,1034,17.790616527828,46.336392640377
00008,1035,17.790379561248,46.335689980349
00008,1036,17.790226233716,46.335301042993
00008,1037,17.790080201506,46.334912678815
00008,1038,17.790027903024,46.33478768221
00008,1039,17.790027903024,46.33478768221
00008,1040,17.790030236587,46.334792066218
00008,1041,17.789953463492,46.33456747684
00008,1042,17.789779255382,46.33409922968
00008,1043,17.789650224183,46.333713163279
00008,1044,17.78932919189,46.332856400972
00008,1045,17.789160375791,46.332436010148
00008,1046,17.789092930086,46.332229518491
00008,1047,17.789073425512,46.332125763618
00008,1048,17.789070975488,46.332021707104
00008,1049,17.789095355737,46.33181117964
00008,1050,17.789344116987,46.330644050172
00008,1051,17.789354344075,46.330553349686
00008,1052,17.789354307704,46.330415299791
00008,1053,17.789367507993,46.330336370915
00008,1054,17.789377082201,46.33030864295
00008,1055,17.789377082201,46.33030864295
00008,1056,17.78938502023,46.330281459042
00008,1057,17.78942062668,46.330216416491
00008,1058,17.789440416576,46.330168277868
00008,1059,17.789457238071,46.33010815682
00008,1060,17.789468396701,46.33004719938
00008,1061,17.789492247333,46.32982443552
00008,1062,17.789498311743,46.329738187131
00008,1063,17.789494670366,46.329650424624
00008,1064,17.789476272917,46.329464161781
00008,1065,17.789461495643,46.329366574976
00008,1066,17.789420875624,46.329158555376
00008,1067,17.789289008772,46.328580916737
00008,1068,17.789167223633,46.328093431914
00008,1069,17.789005631845,46.327398076853
00008,1070,17.788945173851,46.327170646418
00008,1071,17.788907193303,46.327058672172
00008,1072,17.78886186203,46.326948654239
00008,1073,17.788801827565,46.326842619204
00008,1074,17.788727916191,46.32673994366
00008,1075,17.788107137563,46.326000166098
00008,1076,17.787912641978,46.325777633716
00008,1077,17.787700958093,46.325561305257
00008,1078,17.787591339142,46.325458510981
00008,1079,17.78728123656,46.325181405347
00008,1080,17.787149853584,46.325072181765
00008,1081,17.787103557852,46.325038627786
00008,1082,17.787103557852,46.325038627786
00008,1083,17.786860472032,46.324811684198
00008,1084,17.786552786715,46.324535657874
00008,1085,17.786387685235,46.324375798809
00008,1086,17.786306169102,46.324286321321
00008,1087,17.786228059605,46.324189993476
00008,1088,17.786154915769,46.324089574037
00008,1089,17.786089204706,46.323983684824
00008,1090,17.786032521439,46.323873538634
00008,1091,17.785630933897,46.322751994798
00008,1092,17.785494871419,46.322391430115
00008,1093,17.785442418642,46.322274020819
00008,1094,17.785213971766,46.321803120307
00008,1095,17.784976477077,46.321337530277
00008,1096,17.784924901813,46.321217389245
00008,1097,17.784879868884,46.321095142492
00008,1098,17.784847861305,46.320971214109
00008,1099,17.784824790804,46.320846893813
00008,1100,17.784809047637,46.320721601256
00008,1101,17.784792145388,46.320472093307
00008,1102,17.784775432266,46.320040606707
00008,1103,17.784775432266,46.320040606707
00008,1104,17.784780885564,46.319633056198
00008,1105,17.784801497547,46.319236711068
00008,1106,17.784906792172,46.318306759444
00008,1107,17.784916116612,46.318185402835
00008,1108,17.784961800166,46.317236226852
00008,1109,17.785030002347,46.316365325059
00008,1110,17.785043846856,46.31622412704
00008,1111,17.785081207696,46.31594458066
00008,1112,17.78510714977,46.31580661092
00008,1113,17.785143578311,46.315671359372
00008,1114,17.785192107699,46.315539195541
00008,1115,17.785248722216,46.315408317184
00008,1116,17.785557166051,46.314779372955
00008,1117,17.78560554287,46.314653673941
00008,1118,17.785644226346,46.31452603883
00008,1119,17.785922473752,46.313381881832
00008,1120,17.786034665448,46.312850972732
00008,1121,17.786041851144,46.312751592921
00008,1122,17.786041851144,46.312751592921
00008,1123,17.7860354264,46.312748709402
00008,1124,17.786080590793,46.312586634381
00008,1125,17.786126195093,46.312370862766
00008,1126,17.786300470281,46.311334701578
00008,1127,17.786526101895,46.310079248158
00008,1128,17.786612029276,46.309456105634
00008,1129,17.786624295363,46.309347574699
00008,1130,17.786625009325,46.309247278996
00008,1131,17.786604575639,46.309149136505
00008,1132,17.786567127516,46.309049889842
00008,1133,17.786514128675,46.30895637349
00008,1134,17.786447083729,46.308873665138
00008,1135,17.786360192946,46.308806901301
00008,1136,17.786254316678,46.308753982867
00008,1137,17.786129404124,46.308717088199
00008,1138,17.785994486781,46.308691679215
00008,1139,17.785424906728,46.30862007188
00008,1140,17.784972961731,46.30854949863
00008,1141,17.784215156922,46.308407313576
00008,1142,17.784121508374,46.308386863569
00008,1143,17.784035402029,46.308356165436
00008,1144,17.7839552401,46.308314146925
00008,1145,17.783881727187,46.308265384798
00008,1146,17.783666279716,46.308109595796
00008,1147,17.783587740866,46.308067595223
00008,1148,17.783504932704,46.308034684394
00008,1149,17.783084129668,46.307916515093
00008,1150,17.7830310577,46.307895886888
00008,1151,17.782991838741,46.307872743106
00008,1152,17.782960904325,46.307842311842
00008,1153,17.782939860449,46.307805314025
00008,1154,17.782934308383,46.307765116152
00008,1155,17.782936035852,46.307725913747
00008,1156,17.782959844841,46.307644574323
00008,1157,17.782959844841,46.307644574323
00008,1158,17.782974653453,46.307635883983
00008,1159,17.783096490932,46.307352717562
00008,1160,17.783258747024,46.307006532729
00008,1161,17.783294015378,46.306920893558
00008,1162,17.783349434545,46.306736793389
00008,1163,17.78338945549,46.306551887835
00008,1164,17.783410689176,46.306372324401
00008,1165,17.78341347495,46.306287796863
00008,1166,17.783406263193,46.306144957095
00008,1167,17.783384967564,46.306014541214
00008,1168,17.783384967564,46.306014541214
00008,1169,17.78338250022,46.305911749648
00008,1170,17.783348402253,46.30566942913
00008,1171,17.783291202165,46.305374061651
00008,1172,17.783271073365,46.30529792267
00008,1173,17.783243578424,46.305224512628
00008,1174,17.783199784653,46.305154153024
00008,1175,17.78313728487,46.305085692186
00008,1176,17.783061758955,46.305019123536
00008,1177,17.782880707695,46.304885087045
00008,1178,17.782804505865,46.304812746855
00008,1179,17.782723351863,46.304744006098
00008,1180,17.782655416442,46.304665151344
00008,1181,17.782594027992,46.304583909901
00008,1182,17.782540854796,46.304498332392
00008,1183,17.782441244556,46.304316709437
00008,1184,17.782248653292,46.303947633339
00008,1185,17.782206202008,46.303854655044
00008,1186,17.782131058289,46.303667753658
00008,1187,17.781949824461,46.303090746349
00008,1188,17.78178900352,46.302543068092
00008,1189,17.78176962257,46.302504472052
00008,1190,17.781750668211,46.302482328647
00008,1191,17.781733876085,46.302471807371
00008,1192,17.781709691769,46.302465139278
00008,1193,17.781656945374,46.302465530719